PM	OL	OR	RYEAR	RMONTH	RDAY	RTITLE	RFILENAME	OYEAR	OMONTH	ODAY	OTITLE	OFILENAME
254	369	366	1809	05	03	Aberdeen Journal	1809.05.03_TheAberdeenJournal_0004	1809	05	01	Caledonian Mercury	1809.05.01_CaledonianMercury_0003
204	304	320	1809	05	04	Caledonian Mercury	1809.05.04_CaledonianMercury_0001	1809	05	01	Caledonian Mercury	1809.05.01_CaledonianMercury_0001
595	959	972	1809	05	04	Caledonian Mercury	1809.05.04_CaledonianMercury_0002	1809	05	01	Morning Chronicle	1809.05.01_TheMorningChronicle_0002
238	341	322	1809	05	04	Caledonian Mercury	1809.05.04_CaledonianMercury_0004	1809	05	01	Caledonian Mercury	1809.05.01_CaledonianMercury_0004
307	513	541	1809	05	04	Morning Chronicle	1809.05.04_TheMorningChronicle_0004	1809	05	01	Morning Chronicle	1809.05.01_TheMorningChronicle_0004
467	713	712	1809	05	04	Morning Chronicle	1809.05.04_TheMorningChronicle_0004	1809	05	03	Morning Chronicle	1809.05.03_TheMorningChronicle_0004
239	326	336	1809	05	04	Trewman’s Exeter Flying Post	1809.05.04_Trewman'sExeterFlyingPostorPlymouthandCornishAdvertiser_0002	1809	05	01	Caledonian Mercury	1809.05.01_CaledonianMercury_0002
204	319	339	1809	05	04	Trewman’s Exeter Flying Post	1809.05.04_Trewman'sExeterFlyingPostorPlymouthandCornishAdvertiser_0004	1809	05	04	Caledonian Mercury	1809.05.04_CaledonianMercury_0002
228	390	391	1809	05	05	Morning Chronicle	1809.05.05_TheMorningChronicle_0001	1809	05	03	Morning Chronicle	1809.05.03_TheMorningChronicle_0001
203	347	341	1809	05	05	Morning Chronicle	1809.05.05_TheMorningChronicle_0004	1809	05	04	Morning Chronicle	1809.05.04_TheMorningChronicle_0004
397	559	560	1809	05	06	Caledonian Mercury	1809.05.06_CaledonianMercury_0003	1809	05	04	Morning Chronicle	1809.05.04_TheMorningChronicle_0002
410	626	630	1809	05	06	Caledonian Mercury	1809.05.06_CaledonianMercury_0004	1809	05	01	Caledonian Mercury	1809.05.01_CaledonianMercury_0004
210	301	295	1809	05	06	Jackson’s Oxford Journal	1809.05.06_Jackson'sOxfordJournal_0001	1809	05	04	Morning Chronicle	1809.05.04_TheMorningChronicle_0002
458	759	759	1809	05	06	Jackson’s Oxford Journal	1809.05.06_Jackson'sOxfordJournal_0004	1809	05	01	Morning Chronicle	1809.05.01_TheMorningChronicle_0002
1228	1710	1708	1809	05	06	Jackson’s Oxford Journal	1809.05.06_Jackson'sOxfordJournal_0004	1809	05	04	Caledonian Mercury	1809.05.04_CaledonianMercury_0002
252	416	405	1809	05	06	Jackson’s Oxford Journal	1809.05.06_Jackson'sOxfordJournal_0004	1809	05	04	Trewman’s Exeter Flying Post	1809.05.04_Trewman'sExeterFlyingPostorPlymouthandCornishAdvertiser_0003
294	493	490	1809	05	06	Jackson’s Oxford Journal	1809.05.06_Jackson'sOxfordJournal_0004	1809	05	04	Trewman’s Exeter Flying Post	1809.05.04_Trewman'sExeterFlyingPostorPlymouthandCornishAdvertiser_0004
374	607	617	1809	05	06	Morning Chronicle	1809.05.06_TheMorningChronicle_0001	1809	05	05	Morning Chronicle	1809.05.05_TheMorningChronicle_0001
308	453	444	1809	05	06	Morning Chronicle	1809.05.06_TheMorningChronicle_0004	1809	05	03	Morning Chronicle	1809.05.03_TheMorningChronicle_0004
333	513	513	1809	05	08	Caledonian Mercury	1809.05.08_CaledonianMercury_0001	1809	05	01	Caledonian Mercury	1809.05.01_CaledonianMercury_0001
361	508	503	1809	05	08	Caledonian Mercury	1809.05.08_CaledonianMercury_0001	1809	05	01	Caledonian Mercury	1809.05.01_CaledonianMercury_0004
339	467	479	1809	05	08	Caledonian Mercury	1809.05.08_CaledonianMercury_0001	1809	05	04	Caledonian Mercury	1809.05.04_CaledonianMercury_0004
299	431	430	1809	05	08	Caledonian Mercury	1809.05.08_CaledonianMercury_0001	1809	05	06	Caledonian Mercury	1809.05.06_CaledonianMercury_0004
268	414	410	1809	05	08	Caledonian Mercury	1809.05.08_CaledonianMercury_0003	1809	05	04	Morning Chronicle	1809.05.04_TheMorningChronicle_0003
202	307	314	1809	05	08	Caledonian Mercury	1809.05.08_CaledonianMercury_0004	1809	05	01	Caledonian Mercury	1809.05.01_CaledonianMercury_0001
272	369	376	1809	05	08	Caledonian Mercury	1809.05.08_CaledonianMercury_0004	1809	05	03	Aberdeen Journal	1809.05.03_TheAberdeenJournal_0002
228	348	339	1809	05	08	Caledonian Mercury	1809.05.08_CaledonianMercury_0004	1809	05	04	Caledonian Mercury	1809.05.04_CaledonianMercury_0001
251	325	318	1809	05	08	Caledonian Mercury	1809.05.08_CaledonianMercury_0004	1809	05	04	Caledonian Mercury	1809.05.04_CaledonianMercury_0003
289	386	391	1809	05	08	Caledonian Mercury	1809.05.08_CaledonianMercury_0004	1809	05	04	Caledonian Mercury	1809.05.04_CaledonianMercury_0004
514	757	769	1809	05	08	Morning Chronicle	1809.05.08_TheMorningChronicle_0004	1809	05	04	Morning Chronicle	1809.05.04_TheMorningChronicle_0004
679	1067	1072	1809	05	09	Hull Packet	1809.05.09_TheHullPacketandOriginalWeeklyCommercialLiteraryandGeneralAdvertiser_0001	1809	05	06	Jackson’s Oxford Journal	1809.05.06_Jackson'sOxfordJournal_0002
259	403	413	1809	05	09	Hull Packet	1809.05.09_TheHullPacketandOriginalWeeklyCommercialLiteraryandGeneralAdvertiser_0001	1809	05	06	Jackson’s Oxford Journal	1809.05.06_Jackson'sOxfordJournal_0004
645	1016	1002	1809	05	09	Hull Packet	1809.05.09_TheHullPacketandOriginalWeeklyCommercialLiteraryandGeneralAdvertiser_0003	1809	05	08	Caledonian Mercury	1809.05.08_CaledonianMercury_0002
261	383	364	1809	05	09	Hull Packet	1809.05.09_TheHullPacketandOriginalWeeklyCommercialLiteraryandGeneralAdvertiser_0003	1809	05	08	Morning Chronicle	1809.05.08_TheMorningChronicle_0002
227	349	357	1809	05	09	Hull Packet	1809.05.09_TheHullPacketandOriginalWeeklyCommercialLiteraryandGeneralAdvertiser_0004	1809	05	04	Caledonian Mercury	1809.05.04_CaledonianMercury_0002
346	476	465	1809	05	09	Hull Packet	1809.05.09_TheHullPacketandOriginalWeeklyCommercialLiteraryandGeneralAdvertiser_0004	1809	05	04	Morning Chronicle	1809.05.04_TheMorningChronicle_0002
322	542	511	1809	05	09	Hull Packet	1809.05.09_TheHullPacketandOriginalWeeklyCommercialLiteraryandGeneralAdvertiser_0004	1809	05	04	Trewman’s Exeter Flying Post	1809.05.04_Trewman'sExeterFlyingPostorPlymouthandCornishAdvertiser_0004
355	503	501	1809	05	09	Hull Packet	1809.05.09_TheHullPacketandOriginalWeeklyCommercialLiteraryandGeneralAdvertiser_0004	1809	05	06	Caledonian Mercury	1809.05.06_CaledonianMercury_0003
366	539	545	1809	05	09	Hull Packet	1809.05.09_TheHullPacketandOriginalWeeklyCommercialLiteraryandGeneralAdvertiser_0004	1809	05	06	Jackson’s Oxford Journal	1809.05.06_Jackson'sOxfordJournal_0001
507	776	738	1809	05	09	Hull Packet	1809.05.09_TheHullPacketandOriginalWeeklyCommercialLiteraryandGeneralAdvertiser_0004	1809	05	06	Jackson’s Oxford Journal	1809.05.06_Jackson'sOxfordJournal_0004
258	416	409	1809	05	09	Morning Chronicle	1809.05.09_TheMorningChronicle_0001	1809	05	04	Morning Chronicle	1809.05.04_TheMorningChronicle_0002
533	776	769	1809	05	10	Aberdeen Journal	1809.05.10_TheAberdeenJournal_0001	1809	05	03	Aberdeen Journal	1809.05.03_TheAberdeenJournal_0001
324	418	401	1809	05	10	Aberdeen Journal	1809.05.10_TheAberdeenJournal_0001	1809	05	03	Aberdeen Journal	1809.05.03_TheAberdeenJournal_0002
551	770	800	1809	05	10	Aberdeen Journal	1809.05.10_TheAberdeenJournal_0001	1809	05	03	Aberdeen Journal	1809.05.03_TheAberdeenJournal_0004
202	312	312	1809	05	10	Aberdeen Journal	1809.05.10_TheAberdeenJournal_0001	1809	05	04	Caledonian Mercury	1809.05.04_CaledonianMercury_0004
310	472	467	1809	05	10	Aberdeen Journal	1809.05.10_TheAberdeenJournal_0002	1809	05	02	Hull Packet	1809.05.02_TheHullPacketandOriginalWeeklyCommercialLiteraryandGeneralAdvertiser_0001
934	1292	1266	1809	05	10	Aberdeen Journal	1809.05.10_TheAberdeenJournal_0002	1809	05	03	Aberdeen Journal	1809.05.03_TheAberdeenJournal_0002
234	328	312	1809	05	10	Aberdeen Journal	1809.05.10_TheAberdeenJournal_0002	1809	05	08	Caledonian Mercury	1809.05.08_CaledonianMercury_0004
206	292	296	1809	05	10	Aberdeen Journal	1809.05.10_TheAberdeenJournal_0004	1809	05	03	Aberdeen Journal	1809.05.03_TheAberdeenJournal_0004
301	466	463	1809	05	10	Morning Chronicle	1809.05.10_TheMorningChronicle_0004	1809	05	04	Morning Chronicle	1809.05.04_TheMorningChronicle_0004
646	979	985	1809	05	11	Caledonian Mercury	1809.05.11_CaledonianMercury_0001	1809	05	06	Jackson’s Oxford Journal	1809.05.06_Jackson'sOxfordJournal_0002
477	761	766	1809	05	11	Caledonian Mercury	1809.05.11_CaledonianMercury_0001	1809	05	08	Caledonian Mercury	1809.05.08_CaledonianMercury_0001
519	836	852	1809	05	11	Caledonian Mercury	1809.05.11_CaledonianMercury_0001	1809	05	09	Hull Packet	1809.05.09_TheHullPacketandOriginalWeeklyCommercialLiteraryandGeneralAdvertiser_0001
276	406	397	1809	05	11	Caledonian Mercury	1809.05.11_CaledonianMercury_0002	1809	05	08	Morning Chronicle	1809.05.08_TheMorningChronicle_0002
318	485	466	1809	05	11	Caledonian Mercury	1809.05.11_CaledonianMercury_0004	1809	05	01	Caledonian Mercury	1809.05.01_CaledonianMercury_0004
286	429	412	1809	05	11	Caledonian Mercury	1809.05.11_CaledonianMercury_0004	1809	05	04	Caledonian Mercury	1809.05.04_CaledonianMercury_0003
672	1037	1051	1809	05	11	Caledonian Mercury	1809.05.11_CaledonianMercury_0004	1809	05	04	Caledonian Mercury	1809.05.04_CaledonianMercury_0004
268	391	380	1809	05	11	Caledonian Mercury	1809.05.11_CaledonianMercury_0004	1809	05	08	Caledonian Mercury	1809.05.08_CaledonianMercury_0001
450	659	638	1809	05	11	Caledonian Mercury	1809.05.11_CaledonianMercury_0004	1809	05	08	Caledonian Mercury	1809.05.08_CaledonianMercury_0004
337	556	557	1809	05	11	Derby Mercury	1809.05.11_TheDerbyMercury_0001	1809	05	04	Derby Mercury	1809.05.04_TheDerbyMercury_0001
233	407	407	1809	05	11	Derby Mercury	1809.05.11_TheDerbyMercury_0002	1809	05	04	Derby Mercury	1809.05.04_TheDerbyMercury_0002
372	571	577	1809	05	11	Derby Mercury	1809.05.11_TheDerbyMercury_0004	1809	05	04	Derby Mercury	1809.05.04_TheDerbyMercury_0004
654	1010	994	1809	05	11	Morning Chronicle	1809.05.11_TheMorningChronicle_0004	1809	05	04	Morning Chronicle	1809.05.04_TheMorningChronicle_0004
500	878	872	1809	05	11	Trewman’s Exeter Flying Post	1809.05.11_Trewman'sExeterFlyingPostorPlymouthandCornishAdvertiser_0001	1809	05	04	Trewman’s Exeter Flying Post	1809.05.04_Trewman'sExeterFlyingPostorPlymouthandCornishAdvertiser_0001
970	1552	1523	1809	05	11	Trewman’s Exeter Flying Post	1809.05.11_Trewman'sExeterFlyingPostorPlymouthandCornishAdvertiser_0002	1809	05	04	Trewman’s Exeter Flying Post	1809.05.04_Trewman'sExeterFlyingPostorPlymouthandCornishAdvertiser_0002
443	695	710	1809	05	11	Trewman’s Exeter Flying Post	1809.05.11_Trewman'sExeterFlyingPostorPlymouthandCornishAdvertiser_0002	1809	05	04	Trewman’s Exeter Flying Post	1809.05.04_Trewman'sExeterFlyingPostorPlymouthandCornishAdvertiser_0003
416	685	669	1809	05	11	Trewman’s Exeter Flying Post	1809.05.11_Trewman'sExeterFlyingPostorPlymouthandCornishAdvertiser_0003	1809	05	04	Trewman’s Exeter Flying Post	1809.05.04_Trewman'sExeterFlyingPostorPlymouthandCornishAdvertiser_0002
352	538	547	1809	05	11	Trewman’s Exeter Flying Post	1809.05.11_Trewman'sExeterFlyingPostorPlymouthandCornishAdvertiser_0003	1809	05	04	Trewman’s Exeter Flying Post	1809.05.04_Trewman'sExeterFlyingPostorPlymouthandCornishAdvertiser_0003
211	323	330	1809	05	11	Trewman’s Exeter Flying Post	1809.05.11_Trewman'sExeterFlyingPostorPlymouthandCornishAdvertiser_0003	1809	05	06	Jackson’s Oxford Journal	1809.05.06_Jackson'sOxfordJournal_0001
348	510	515	1809	05	11	Trewman’s Exeter Flying Post	1809.05.11_Trewman'sExeterFlyingPostorPlymouthandCornishAdvertiser_0003	1809	05	06	Jackson’s Oxford Journal	1809.05.06_Jackson'sOxfordJournal_0004
217	378	369	1809	05	11	Trewman’s Exeter Flying Post	1809.05.11_Trewman'sExeterFlyingPostorPlymouthandCornishAdvertiser_0003	1809	05	08	Morning Chronicle	1809.05.08_TheMorningChronicle_0002
210	368	375	1809	05	11	Trewman’s Exeter Flying Post	1809.05.11_Trewman'sExeterFlyingPostorPlymouthandCornishAdvertiser_0004	1809	05	04	Trewman’s Exeter Flying Post	1809.05.04_Trewman'sExeterFlyingPostorPlymouthandCornishAdvertiser_0001
231	378	381	1809	05	11	Trewman’s Exeter Flying Post	1809.05.11_Trewman'sExeterFlyingPostorPlymouthandCornishAdvertiser_0004	1809	05	10	Morning Chronicle	1809.05.10_TheMorningChronicle_0003
233	362	356	1809	05	13	Caledonian Mercury	1809.05.13_CaledonianMercury_0001	1809	05	08	Caledonian Mercury	1809.05.08_CaledonianMercury_0001
561	808	794	1809	05	13	Caledonian Mercury	1809.05.13_CaledonianMercury_0003	1809	05	10	Morning Chronicle	1809.05.10_TheMorningChronicle_0003
283	455	444	1809	05	13	Caledonian Mercury	1809.05.13_CaledonianMercury_0003	1809	05	11	Trewman’s Exeter Flying Post	1809.05.11_Trewman'sExeterFlyingPostorPlymouthandCornishAdvertiser_0004
230	356	345	1809	05	13	Caledonian Mercury	1809.05.13_CaledonianMercury_0004	1809	05	01	Caledonian Mercury	1809.05.01_CaledonianMercury_0001
236	320	314	1809	05	13	Caledonian Mercury	1809.05.13_CaledonianMercury_0004	1809	05	03	Aberdeen Journal	1809.05.03_TheAberdeenJournal_0002
265	379	371	1809	05	13	Caledonian Mercury	1809.05.13_CaledonianMercury_0004	1809	05	04	Caledonian Mercury	1809.05.04_CaledonianMercury_0001
239	372	375	1809	05	13	Caledonian Mercury	1809.05.13_CaledonianMercury_0004	1809	05	06	Caledonian Mercury	1809.05.06_CaledonianMercury_0004
234	364	365	1809	05	13	Caledonian Mercury	1809.05.13_CaledonianMercury_0004	1809	05	08	Caledonian Mercury	1809.05.08_CaledonianMercury_0001
344	457	447	1809	05	13	Caledonian Mercury	1809.05.13_CaledonianMercury_0004	1809	05	08	Caledonian Mercury	1809.05.08_CaledonianMercury_0004
233	359	358	1809	05	13	Caledonian Mercury	1809.05.13_CaledonianMercury_0004	1809	05	11	Caledonian Mercury	1809.05.11_CaledonianMercury_0004
1443	1916	1910	1809	05	13	Jackson’s Oxford Journal	1809.05.13_Jackson'sOxfordJournal_0001	1809	05	06	Jackson’s Oxford Journal	1809.05.06_Jackson'sOxfordJournal_0001
510	658	656	1809	05	13	Jackson’s Oxford Journal	1809.05.13_Jackson'sOxfordJournal_0001	1809	05	06	Jackson’s Oxford Journal	1809.05.06_Jackson'sOxfordJournal_0002
210	294	290	1809	05	13	Jackson’s Oxford Journal	1809.05.13_Jackson'sOxfordJournal_0001	1809	05	06	Jackson’s Oxford Journal	1809.05.06_Jackson'sOxfordJournal_0003
252	378	356	1809	05	13	Jackson’s Oxford Journal	1809.05.13_Jackson'sOxfordJournal_0001	1809	05	06	Jackson’s Oxford Journal	1809.05.06_Jackson'sOxfordJournal_0004
571	861	861	1809	05	13	Jackson’s Oxford Journal	1809.05.13_Jackson'sOxfordJournal_0001	1809	05	10	Morning Chronicle	1809.05.10_TheMorningChronicle_0003
304	529	530	1809	05	13	Jackson’s Oxford Journal	1809.05.13_Jackson'sOxfordJournal_0001	1809	05	11	Trewman’s Exeter Flying Post	1809.05.11_Trewman'sExeterFlyingPostorPlymouthandCornishAdvertiser_0004
664	913	952	1809	05	13	Jackson’s Oxford Journal	1809.05.13_Jackson'sOxfordJournal_0001	1809	05	13	Caledonian Mercury	1809.05.13_CaledonianMercury_0003
210	314	305	1809	05	13	Jackson’s Oxford Journal	1809.05.13_Jackson'sOxfordJournal_0002	1809	05	09	Morning Chronicle	1809.05.09_TheMorningChronicle_0003
278	404	405	1809	05	13	Jackson’s Oxford Journal	1809.05.13_Jackson'sOxfordJournal_0002	1809	05	11	Derby Mercury	1809.05.11_TheDerbyMercury_0004
668	945	924	1809	05	13	Jackson’s Oxford Journal	1809.05.13_Jackson'sOxfordJournal_0003	1809	05	06	Jackson’s Oxford Journal	1809.05.06_Jackson'sOxfordJournal_0002
673	981	928	1809	05	13	Jackson’s Oxford Journal	1809.05.13_Jackson'sOxfordJournal_0003	1809	05	06	Jackson’s Oxford Journal	1809.05.06_Jackson'sOxfordJournal_0003
454	685	683	1809	05	13	Jackson’s Oxford Journal	1809.05.13_Jackson'sOxfordJournal_0004	1809	05	06	Morning Chronicle	1809.05.06_TheMorningChronicle_0003
243	392	370	1809	05	13	Jackson’s Oxford Journal	1809.05.13_Jackson'sOxfordJournal_0004	1809	05	08	Caledonian Mercury	1809.05.08_CaledonianMercury_0002
440	589	590	1809	05	13	Jackson’s Oxford Journal	1809.05.13_Jackson'sOxfordJournal_0004	1809	05	11	Caledonian Mercury	1809.05.11_CaledonianMercury_0002
765	1268	1292	1809	05	13	Ipswich Journal	1809.05.13_TheIpswichJournal_0001	1809	05	06	Ipswich Journal	1809.05.06_TheIpswichJournal_0003
411	644	662	1809	05	13	Ipswich Journal	1809.05.13_TheIpswichJournal_0003	1809	05	06	Ipswich Journal	1809.05.06_TheIpswichJournal_0003
440	690	678	1809	05	15	Caledonian Mercury	1809.05.15_CaledonianMercury_0001	1809	05	08	Caledonian Mercury	1809.05.08_CaledonianMercury_0001
291	469	468	1809	05	15	Caledonian Mercury	1809.05.15_CaledonianMercury_0001	1809	05	11	Caledonian Mercury	1809.05.11_CaledonianMercury_0001
1117	1675	1654	1809	05	15	Caledonian Mercury	1809.05.15_CaledonianMercury_0004	1809	05	01	Caledonian Mercury	1809.05.01_CaledonianMercury_0004
200	293	292	1809	05	15	Caledonian Mercury	1809.05.15_CaledonianMercury_0004	1809	05	03	Aberdeen Journal	1809.05.03_TheAberdeenJournal_0002
447	626	627	1809	05	15	Caledonian Mercury	1809.05.15_CaledonianMercury_0004	1809	05	04	Caledonian Mercury	1809.05.04_CaledonianMercury_0004
363	523	539	1809	05	15	Caledonian Mercury	1809.05.15_CaledonianMercury_0004	1809	05	06	Caledonian Mercury	1809.05.06_CaledonianMercury_0004
337	438	409	1809	05	15	Caledonian Mercury	1809.05.15_CaledonianMercury_0004	1809	05	08	Caledonian Mercury	1809.05.08_CaledonianMercury_0001
241	356	352	1809	05	15	Caledonian Mercury	1809.05.15_CaledonianMercury_0004	1809	05	08	Caledonian Mercury	1809.05.08_CaledonianMercury_0004
580	837	838	1809	05	15	Caledonian Mercury	1809.05.15_CaledonianMercury_0004	1809	05	11	Caledonian Mercury	1809.05.11_CaledonianMercury_0004
332	473	491	1809	05	15	Caledonian Mercury	1809.05.15_CaledonianMercury_0004	1809	05	13	Caledonian Mercury	1809.05.13_CaledonianMercury_0004
294	516	498	1809	05	15	Hampshire/Portsmouth Telegraph	1809.05.15_HampshireTelegraphandSussexChronicleetc_0001	1809	05	08	Hampshire/Portsmouth Telegraph	1809.05.08_HampshireTelegraphandSussexChronicleetc_0001
232	390	402	1809	05	15	Hampshire/Portsmouth Telegraph	1809.05.15_HampshireTelegraphandSussexChronicleetc_0001	1809	05	08	Hampshire/Portsmouth Telegraph	1809.05.08_HampshireTelegraphandSussexChronicleetc_0002
287	462	446	1809	05	16	Hull Packet	1809.05.16_TheHullPacketandOriginalWeeklyCommercialLiteraryandGeneralAdvertiser_0001	1809	05	10	Morning Chronicle	1809.05.10_TheMorningChronicle_0003
411	595	611	1809	05	16	Hull Packet	1809.05.16_TheHullPacketandOriginalWeeklyCommercialLiteraryandGeneralAdvertiser_0001	1809	05	13	Caledonian Mercury	1809.05.13_CaledonianMercury_0003
433	694	681	1809	05	16	Hull Packet	1809.05.16_TheHullPacketandOriginalWeeklyCommercialLiteraryandGeneralAdvertiser_0001	1809	05	13	Jackson’s Oxford Journal	1809.05.13_Jackson'sOxfordJournal_0001
255	382	402	1809	05	16	Hull Packet	1809.05.16_TheHullPacketandOriginalWeeklyCommercialLiteraryandGeneralAdvertiser_0003	1809	05	15	Caledonian Mercury	1809.05.15_CaledonianMercury_0002
324	551	541	1809	05	16	Hull Packet	1809.05.16_TheHullPacketandOriginalWeeklyCommercialLiteraryandGeneralAdvertiser_0004	1809	05	11	Trewman’s Exeter Flying Post	1809.05.11_Trewman'sExeterFlyingPostorPlymouthandCornishAdvertiser_0004
371	624	619	1809	05	16	Morning Chronicle	1809.05.16_TheMorningChronicle_0004	1809	05	04	Morning Chronicle	1809.05.04_TheMorningChronicle_0004
279	424	446	1809	05	16	Morning Chronicle	1809.05.16_TheMorningChronicle_0004	1809	05	06	Morning Chronicle	1809.05.06_TheMorningChronicle_0004
252	436	446	1809	05	16	Morning Chronicle	1809.05.16_TheMorningChronicle_0004	1809	05	11	Morning Chronicle	1809.05.11_TheMorningChronicle_0004
364	579	569	1809	05	17	Aberdeen Journal	1809.05.17_TheAberdeenJournal_0001	1809	05	03	Aberdeen Journal	1809.05.03_TheAberdeenJournal_0001
296	428	441	1809	05	17	Aberdeen Journal	1809.05.17_TheAberdeenJournal_0001	1809	05	03	Aberdeen Journal	1809.05.03_TheAberdeenJournal_0004
775	1142	1113	1809	05	17	Aberdeen Journal	1809.05.17_TheAberdeenJournal_0001	1809	05	10	Aberdeen Journal	1809.05.10_TheAberdeenJournal_0001
624	871	902	1809	05	17	Aberdeen Journal	1809.05.17_TheAberdeenJournal_0001	1809	05	10	Aberdeen Journal	1809.05.10_TheAberdeenJournal_0004
741	1097	1063	1809	05	17	Aberdeen Journal	1809.05.17_TheAberdeenJournal_0002	1809	05	03	Aberdeen Journal	1809.05.03_TheAberdeenJournal_0002
277	399	392	1809	05	17	Aberdeen Journal	1809.05.17_TheAberdeenJournal_0002	1809	05	10	Aberdeen Journal	1809.05.10_TheAberdeenJournal_0001
622	960	973	1809	05	17	Aberdeen Journal	1809.05.17_TheAberdeenJournal_0002	1809	05	10	Aberdeen Journal	1809.05.10_TheAberdeenJournal_0002
213	343	320	1809	05	17	Aberdeen Journal	1809.05.17_TheAberdeenJournal_0003	1809	05	09	Morning Chronicle	1809.05.09_TheMorningChronicle_0003
279	429	432	1809	05	17	Aberdeen Journal	1809.05.17_TheAberdeenJournal_0003	1809	05	11	Caledonian Mercury	1809.05.11_CaledonianMercury_0003
299	441	429	1809	05	17	Aberdeen Journal	1809.05.17_TheAberdeenJournal_0004	1809	05	03	Aberdeen Journal	1809.05.03_TheAberdeenJournal_0001
413	558	556	1809	05	17	Aberdeen Journal	1809.05.17_TheAberdeenJournal_0004	1809	05	10	Aberdeen Journal	1809.05.10_TheAberdeenJournal_0004
202	318	320	1809	05	17	Morning Chronicle	1809.05.17_TheMorningChronicle_0003	1809	05	11	Morning Chronicle	1809.05.11_TheMorningChronicle_0003
314	459	452	1809	05	18	Caledonian Mercury	1809.05.18_CaledonianMercury_0002	1809	05	15	Morning Chronicle	1809.05.15_TheMorningChronicle_0002
471	678	660	1809	05	18	Caledonian Mercury	1809.05.18_CaledonianMercury_0004	1809	05	01	Caledonian Mercury	1809.05.01_CaledonianMercury_0004
674	1001	1017	1809	05	18	Caledonian Mercury	1809.05.18_CaledonianMercury_0004	1809	05	04	Caledonian Mercury	1809.05.04_CaledonianMercury_0004
379	536	522	1809	05	18	Caledonian Mercury	1809.05.18_CaledonianMercury_0004	1809	05	08	Caledonian Mercury	1809.05.08_CaledonianMercury_0001
248	369	366	1809	05	18	Caledonian Mercury	1809.05.18_CaledonianMercury_0004	1809	05	08	Caledonian Mercury	1809.05.08_CaledonianMercury_0004
502	767	749	1809	05	18	Caledonian Mercury	1809.05.18_CaledonianMercury_0004	1809	05	11	Caledonian Mercury	1809.05.11_CaledonianMercury_0004
260	410	413	1809	05	18	Caledonian Mercury	1809.05.18_CaledonianMercury_0004	1809	05	13	Caledonian Mercury	1809.05.13_CaledonianMercury_0004
242	381	391	1809	05	18	Caledonian Mercury	1809.05.18_CaledonianMercury_0004	1809	05	15	Caledonian Mercury	1809.05.15_CaledonianMercury_0004
360	532	527	1809	05	18	Derby Mercury	1809.05.18_TheDerbyMercury_0001	1809	05	04	Derby Mercury	1809.05.04_TheDerbyMercury_0001
864	1271	1296	1809	05	18	Derby Mercury	1809.05.18_TheDerbyMercury_0001	1809	05	06	Jackson’s Oxford Journal	1809.05.06_Jackson'sOxfordJournal_0002
464	772	797	1809	05	18	Derby Mercury	1809.05.18_TheDerbyMercury_0001	1809	05	09	Hull Packet	1809.05.09_TheHullPacketandOriginalWeeklyCommercialLiteraryandGeneralAdvertiser_0001
473	746	759	1809	05	18	Derby Mercury	1809.05.18_TheDerbyMercury_0001	1809	05	11	Caledonian Mercury	1809.05.11_CaledonianMercury_0001
608	980	1004	1809	05	18	Derby Mercury	1809.05.18_TheDerbyMercury_0001	1809	05	11	Derby Mercury	1809.05.11_TheDerbyMercury_0001
466	735	762	1809	05	18	Derby Mercury	1809.05.18_TheDerbyMercury_0004	1809	05	04	Derby Mercury	1809.05.04_TheDerbyMercury_0004
415	688	689	1809	05	18	Derby Mercury	1809.05.18_TheDerbyMercury_0004	1809	05	11	Derby Mercury	1809.05.11_TheDerbyMercury_0004
269	472	469	1809	05	18	Trewman’s Exeter Flying Post	1809.05.18_Trewman'sExeterFlyingPostorPlymouthandCornishAdvertiser_0001	1809	05	11	Trewman’s Exeter Flying Post	1809.05.11_Trewman'sExeterFlyingPostorPlymouthandCornishAdvertiser_0001
381	596	593	1809	05	18	Trewman’s Exeter Flying Post	1809.05.18_Trewman'sExeterFlyingPostorPlymouthandCornishAdvertiser_0001	1809	05	11	Trewman’s Exeter Flying Post	1809.05.11_Trewman'sExeterFlyingPostorPlymouthandCornishAdvertiser_0004
549	848	834	1809	05	18	Trewman’s Exeter Flying Post	1809.05.18_Trewman'sExeterFlyingPostorPlymouthandCornishAdvertiser_0002	1809	05	04	Trewman’s Exeter Flying Post	1809.05.04_Trewman'sExeterFlyingPostorPlymouthandCornishAdvertiser_0002
471	743	744	1809	05	18	Trewman’s Exeter Flying Post	1809.05.18_Trewman'sExeterFlyingPostorPlymouthandCornishAdvertiser_0002	1809	05	04	Trewman’s Exeter Flying Post	1809.05.04_Trewman'sExeterFlyingPostorPlymouthandCornishAdvertiser_0003
322	526	533	1809	05	18	Trewman’s Exeter Flying Post	1809.05.18_Trewman'sExeterFlyingPostorPlymouthandCornishAdvertiser_0002	1809	05	11	Trewman’s Exeter Flying Post	1809.05.11_Trewman'sExeterFlyingPostorPlymouthandCornishAdvertiser_0001
597	920	923	1809	05	18	Trewman’s Exeter Flying Post	1809.05.18_Trewman'sExeterFlyingPostorPlymouthandCornishAdvertiser_0002	1809	05	11	Trewman’s Exeter Flying Post	1809.05.11_Trewman'sExeterFlyingPostorPlymouthandCornishAdvertiser_0002
260	401	410	1809	05	18	Trewman’s Exeter Flying Post	1809.05.18_Trewman'sExeterFlyingPostorPlymouthandCornishAdvertiser_0002	1809	05	11	Trewman’s Exeter Flying Post	1809.05.11_Trewman'sExeterFlyingPostorPlymouthandCornishAdvertiser_0003
323	569	536	1809	05	18	Trewman’s Exeter Flying Post	1809.05.18_Trewman'sExeterFlyingPostorPlymouthandCornishAdvertiser_0002	1809	05	11	Trewman’s Exeter Flying Post	1809.05.11_Trewman'sExeterFlyingPostorPlymouthandCornishAdvertiser_0004
492	748	724	1809	05	18	Trewman’s Exeter Flying Post	1809.05.18_Trewman'sExeterFlyingPostorPlymouthandCornishAdvertiser_0003	1809	05	04	Trewman’s Exeter Flying Post	1809.05.04_Trewman'sExeterFlyingPostorPlymouthandCornishAdvertiser_0002
799	1114	1109	1809	05	18	Trewman’s Exeter Flying Post	1809.05.18_Trewman'sExeterFlyingPostorPlymouthandCornishAdvertiser_0003	1809	05	06	Jackson’s Oxford Journal	1809.05.06_Jackson'sOxfordJournal_0002
553	912	919	1809	05	18	Trewman’s Exeter Flying Post	1809.05.18_Trewman'sExeterFlyingPostorPlymouthandCornishAdvertiser_0003	1809	05	09	Hull Packet	1809.05.09_TheHullPacketandOriginalWeeklyCommercialLiteraryandGeneralAdvertiser_0001
507	802	787	1809	05	18	Trewman’s Exeter Flying Post	1809.05.18_Trewman'sExeterFlyingPostorPlymouthandCornishAdvertiser_0003	1809	05	11	Caledonian Mercury	1809.05.11_CaledonianMercury_0001
215	324	324	1809	05	18	Trewman’s Exeter Flying Post	1809.05.18_Trewman'sExeterFlyingPostorPlymouthandCornishAdvertiser_0003	1809	05	11	Trewman’s Exeter Flying Post	1809.05.11_Trewman'sExeterFlyingPostorPlymouthandCornishAdvertiser_0002
852	1316	1285	1809	05	18	Trewman’s Exeter Flying Post	1809.05.18_Trewman'sExeterFlyingPostorPlymouthandCornishAdvertiser_0003	1809	05	11	Trewman’s Exeter Flying Post	1809.05.11_Trewman'sExeterFlyingPostorPlymouthandCornishAdvertiser_0003
660	1026	991	1809	05	18	Trewman’s Exeter Flying Post	1809.05.18_Trewman'sExeterFlyingPostorPlymouthandCornishAdvertiser_0003	1809	05	18	Derby Mercury	1809.05.18_TheDerbyMercury_0001
239	423	430	1809	05	19	Morning Chronicle	1809.05.19_TheMorningChronicle_0004	1809	05	16	Morning Chronicle	1809.05.16_TheMorningChronicle_0004
256	406	410	1809	05	19	Morning Chronicle	1809.05.19_TheMorningChronicle_0004	1809	05	18	Morning Chronicle	1809.05.18_TheMorningChronicle_0004
274	439	449	1809	05	20	Caledonian Mercury	1809.05.20_CaledonianMercury_0001	1809	05	01	Caledonian Mercury	1809.05.01_CaledonianMercury_0001
287	471	480	1809	05	20	Caledonian Mercury	1809.05.20_CaledonianMercury_0001	1809	05	11	Caledonian Mercury	1809.05.11_CaledonianMercury_0001
380	535	550	1809	05	20	Caledonian Mercury	1809.05.20_CaledonianMercury_0001	1809	05	15	Caledonian Mercury	1809.05.15_CaledonianMercury_0001
231	314	314	1809	05	20	Caledonian Mercury	1809.05.20_CaledonianMercury_0001	1809	05	18	Caledonian Mercury	1809.05.18_CaledonianMercury_0001
229	325	315	1809	05	20	Caledonian Mercury	1809.05.20_CaledonianMercury_0001	1809	05	18	Caledonian Mercury	1809.05.18_CaledonianMercury_0003
309	440	452	1809	05	20	Caledonian Mercury	1809.05.20_CaledonianMercury_0003	1809	05	13	Caledonian Mercury	1809.05.13_CaledonianMercury_0001
244	364	378	1809	05	20	Caledonian Mercury	1809.05.20_CaledonianMercury_0003	1809	05	15	Morning Chronicle	1809.05.15_TheMorningChronicle_0002
205	299	296	1809	05	20	Caledonian Mercury	1809.05.20_CaledonianMercury_0004	1809	05	01	Caledonian Mercury	1809.05.01_CaledonianMercury_0001
250	344	342	1809	05	20	Caledonian Mercury	1809.05.20_CaledonianMercury_0004	1809	05	03	Aberdeen Journal	1809.05.03_TheAberdeenJournal_0002
211	322	307	1809	05	20	Caledonian Mercury	1809.05.20_CaledonianMercury_0004	1809	05	04	Caledonian Mercury	1809.05.04_CaledonianMercury_0001
603	847	827	1809	05	20	Caledonian Mercury	1809.05.20_CaledonianMercury_0004	1809	05	08	Caledonian Mercury	1809.05.08_CaledonianMercury_0004
219	292	300	1809	05	20	Caledonian Mercury	1809.05.20_CaledonianMercury_0004	1809	05	10	Aberdeen Journal	1809.05.10_TheAberdeenJournal_0002
462	657	668	1809	05	20	Caledonian Mercury	1809.05.20_CaledonianMercury_0004	1809	05	13	Caledonian Mercury	1809.05.13_CaledonianMercury_0004
266	421	407	1809	05	20	Caledonian Mercury	1809.05.20_CaledonianMercury_0004	1809	05	15	Caledonian Mercury	1809.05.15_CaledonianMercury_0004
1441	1947	1887	1809	05	20	Jackson’s Oxford Journal	1809.05.20_Jackson'sOxfordJournal_0001	1809	05	06	Jackson’s Oxford Journal	1809.05.06_Jackson'sOxfordJournal_0001
374	500	488	1809	05	20	Jackson’s Oxford Journal	1809.05.20_Jackson'sOxfordJournal_0001	1809	05	06	Jackson’s Oxford Journal	1809.05.06_Jackson'sOxfordJournal_0004
260	358	352	1809	05	20	Jackson’s Oxford Journal	1809.05.20_Jackson'sOxfordJournal_0001	1809	05	08	Caledonian Mercury	1809.05.08_CaledonianMercury_0001
2116	2779	2757	1809	05	20	Jackson’s Oxford Journal	1809.05.20_Jackson'sOxfordJournal_0001	1809	05	13	Jackson’s Oxford Journal	1809.05.13_Jackson'sOxfordJournal_0001
435	610	596	1809	05	20	Jackson’s Oxford Journal	1809.05.20_Jackson'sOxfordJournal_0001	1809	05	13	Jackson’s Oxford Journal	1809.05.13_Jackson'sOxfordJournal_0002
276	430	412	1809	05	20	Jackson’s Oxford Journal	1809.05.20_Jackson'sOxfordJournal_0002	1809	05	13	Jackson’s Oxford Journal	1809.05.13_Jackson'sOxfordJournal_0002
201	298	293	1809	05	20	Jackson’s Oxford Journal	1809.05.20_Jackson'sOxfordJournal_0002	1809	05	17	Morning Chronicle	1809.05.17_TheMorningChronicle_0003
368	530	526	1809	05	20	Jackson’s Oxford Journal	1809.05.20_Jackson'sOxfordJournal_0002	1809	05	18	Derby Mercury	1809.05.18_TheDerbyMercury_0004
260	351	350	1809	05	20	Jackson’s Oxford Journal	1809.05.20_Jackson'sOxfordJournal_0003	1809	05	06	Jackson’s Oxford Journal	1809.05.06_Jackson'sOxfordJournal_0001
520	721	704	1809	05	20	Jackson’s Oxford Journal	1809.05.20_Jackson'sOxfordJournal_0003	1809	05	06	Jackson’s Oxford Journal	1809.05.06_Jackson'sOxfordJournal_0003
200	255	247	1809	05	20	Jackson’s Oxford Journal	1809.05.20_Jackson'sOxfordJournal_0003	1809	05	13	Jackson’s Oxford Journal	1809.05.13_Jackson'sOxfordJournal_0001
743	1050	1068	1809	05	20	Jackson’s Oxford Journal	1809.05.20_Jackson'sOxfordJournal_0003	1809	05	13	Jackson’s Oxford Journal	1809.05.13_Jackson'sOxfordJournal_0003
307	433	428	1809	05	20	Jackson’s Oxford Journal	1809.05.20_Jackson'sOxfordJournal_0003	1809	05	19	Morning Chronicle	1809.05.19_TheMorningChronicle_0003
238	302	292	1809	05	20	Jackson’s Oxford Journal	1809.05.20_Jackson'sOxfordJournal_0004	1809	05	06	Jackson’s Oxford Journal	1809.05.06_Jackson'sOxfordJournal_0004
322	448	444	1809	05	20	Jackson’s Oxford Journal	1809.05.20_Jackson'sOxfordJournal_0004	1809	05	18	Caledonian Mercury	1809.05.18_CaledonianMercury_0003
698	1116	1126	1809	05	20	Ipswich Journal	1809.05.20_TheIpswichJournal_0001	1809	05	13	Ipswich Journal	1809.05.13_TheIpswichJournal_0003
381	632	629	1809	05	20	Leeds Mercury	1809.05.20_TheLeedsMercury_0001	1809	05	06	Jackson’s Oxford Journal	1809.05.06_Jackson'sOxfordJournal_0002
296	505	498	1809	05	20	Leeds Mercury	1809.05.20_TheLeedsMercury_0001	1809	05	09	Hull Packet	1809.05.09_TheHullPacketandOriginalWeeklyCommercialLiteraryandGeneralAdvertiser_0001
296	483	480	1809	05	20	Leeds Mercury	1809.05.20_TheLeedsMercury_0001	1809	05	11	Caledonian Mercury	1809.05.11_CaledonianMercury_0001
348	615	596	1809	05	20	Leeds Mercury	1809.05.20_TheLeedsMercury_0001	1809	05	18	Derby Mercury	1809.05.18_TheDerbyMercury_0001
343	593	594	1809	05	20	Leeds Mercury	1809.05.20_TheLeedsMercury_0001	1809	05	18	Trewman’s Exeter Flying Post	1809.05.18_Trewman'sExeterFlyingPostorPlymouthandCornishAdvertiser_0003
297	497	513	1809	05	21	Examiner	1809.05.21_TheExaminer_0014	1809	05	18	Morning Chronicle	1809.05.18_TheMorningChronicle_0002
248	407	424	1809	05	21	Examiner	1809.05.21_TheExaminer_0015	1809	05	20	Jackson’s Oxford Journal	1809.05.20_Jackson'sOxfordJournal_0004
272	458	459	1809	05	22	Caledonian Mercury	1809.05.22_CaledonianMercury_0001	1809	05	18	Caledonian Mercury	1809.05.18_CaledonianMercury_0001
432	691	704	1809	05	22	Caledonian Mercury	1809.05.22_CaledonianMercury_0001	1809	05	20	Caledonian Mercury	1809.05.20_CaledonianMercury_0001
208	353	337	1809	05	22	Caledonian Mercury	1809.05.22_CaledonianMercury_0001	1809	05	20	Caledonian Mercury	1809.05.20_CaledonianMercury_0003
293	470	440	1809	05	22	Caledonian Mercury	1809.05.22_CaledonianMercury_0002	1809	05	19	Morning Chronicle	1809.05.19_TheMorningChronicle_0001
328	501	505	1809	05	22	Caledonian Mercury	1809.05.22_CaledonianMercury_0002	1809	05	19	Morning Chronicle	1809.05.19_TheMorningChronicle_0002
226	329	321	1809	05	22	Caledonian Mercury	1809.05.22_CaledonianMercury_0003	1809	05	18	Morning Chronicle	1809.05.18_TheMorningChronicle_0002
206	307	302	1809	05	22	Caledonian Mercury	1809.05.22_CaledonianMercury_0004	1809	05	01	Caledonian Mercury	1809.05.01_CaledonianMercury_0004
554	854	865	1809	05	22	Caledonian Mercury	1809.05.22_CaledonianMercury_0004	1809	05	04	Caledonian Mercury	1809.05.04_CaledonianMercury_0004
252	370	365	1809	05	22	Caledonian Mercury	1809.05.22_CaledonianMercury_0004	1809	05	08	Caledonian Mercury	1809.05.08_CaledonianMercury_0001
469	704	691	1809	05	22	Caledonian Mercury	1809.05.22_CaledonianMercury_0004	1809	05	08	Caledonian Mercury	1809.05.08_CaledonianMercury_0004
491	726	742	1809	05	22	Caledonian Mercury	1809.05.22_CaledonianMercury_0004	1809	05	13	Caledonian Mercury	1809.05.13_CaledonianMercury_0004
232	312	308	1809	05	22	Caledonian Mercury	1809.05.22_CaledonianMercury_0004	1809	05	15	Caledonian Mercury	1809.05.15_CaledonianMercury_0003
221	339	335	1809	05	22	Caledonian Mercury	1809.05.22_CaledonianMercury_0004	1809	05	15	Caledonian Mercury	1809.05.15_CaledonianMercury_0004
598	897	910	1809	05	22	Caledonian Mercury	1809.05.22_CaledonianMercury_0004	1809	05	18	Caledonian Mercury	1809.05.18_CaledonianMercury_0004
327	486	487	1809	05	22	Caledonian Mercury	1809.05.22_CaledonianMercury_0004	1809	05	20	Caledonian Mercury	1809.05.20_CaledonianMercury_0004
504	657	663	1809	05	22	Caledonian Mercury	1809.05.22_CaledonianMercury_0004	1809	05	20	Jackson’s Oxford Journal	1809.05.20_Jackson'sOxfordJournal_0004
229	365	352	1809	05	22	Caledonian Mercury	1809.05.22_CaledonianMercury_0004	1809	05	21	Examiner	1809.05.21_TheExaminer_0015
223	389	395	1809	05	22	Hampshire/Portsmouth Telegraph	1809.05.22_HampshireTelegraphandSussexChronicleetc_0001	1809	05	15	Hampshire/Portsmouth Telegraph	1809.05.15_HampshireTelegraphandSussexChronicleetc_0002
277	443	442	1809	05	22	Hampshire/Portsmouth Telegraph	1809.05.22_HampshireTelegraphandSussexChronicleetc_0002	1809	05	08	Hampshire/Portsmouth Telegraph	1809.05.08_HampshireTelegraphandSussexChronicleetc_0001
338	515	535	1809	05	22	Hampshire/Portsmouth Telegraph	1809.05.22_HampshireTelegraphandSussexChronicleetc_0002	1809	05	15	Hampshire/Portsmouth Telegraph	1809.05.15_HampshireTelegraphandSussexChronicleetc_0001
354	487	486	1809	05	23	Hull Packet	1809.05.23_TheHullPacketandOriginalWeeklyCommercialLiteraryandGeneralAdvertiser_0001	1809	05	17	Morning Chronicle	1809.05.17_TheMorningChronicle_0003
349	468	456	1809	05	23	Hull Packet	1809.05.23_TheHullPacketandOriginalWeeklyCommercialLiteraryandGeneralAdvertiser_0001	1809	05	20	Caledonian Mercury	1809.05.20_CaledonianMercury_0002
722	1040	1075	1809	05	23	Hull Packet	1809.05.23_TheHullPacketandOriginalWeeklyCommercialLiteraryandGeneralAdvertiser_0001	1809	05	20	Jackson’s Oxford Journal	1809.05.20_Jackson'sOxfordJournal_0002
770	1212	1225	1809	05	23	Hull Packet	1809.05.23_TheHullPacketandOriginalWeeklyCommercialLiteraryandGeneralAdvertiser_0004	1809	05	18	Caledonian Mercury	1809.05.18_CaledonianMercury_0002
212	309	302	1809	05	23	Hull Packet	1809.05.23_TheHullPacketandOriginalWeeklyCommercialLiteraryandGeneralAdvertiser_0004	1809	05	18	Trewman’s Exeter Flying Post	1809.05.18_Trewman'sExeterFlyingPostorPlymouthandCornishAdvertiser_0002
271	406	403	1809	05	24	Aberdeen Journal	1809.05.24_TheAberdeenJournal_0001	1809	05	10	Aberdeen Journal	1809.05.10_TheAberdeenJournal_0001
299	445	445	1809	05	24	Aberdeen Journal	1809.05.24_TheAberdeenJournal_0001	1809	05	10	Aberdeen Journal	1809.05.10_TheAberdeenJournal_0004
1312	1905	1863	1809	05	24	Aberdeen Journal	1809.05.24_TheAberdeenJournal_0001	1809	05	17	Aberdeen Journal	1809.05.17_TheAberdeenJournal_0001
790	1132	1135	1809	05	24	Aberdeen Journal	1809.05.24_TheAberdeenJournal_0001	1809	05	17	Aberdeen Journal	1809.05.17_TheAberdeenJournal_0004
243	322	325	1809	05	24	Aberdeen Journal	1809.05.24_TheAberdeenJournal_0002	1809	05	03	Aberdeen Journal	1809.05.03_TheAberdeenJournal_0002
670	976	945	1809	05	24	Aberdeen Journal	1809.05.24_TheAberdeenJournal_0002	1809	05	06	Jackson’s Oxford Journal	1809.05.06_Jackson'sOxfordJournal_0002
502	781	759	1809	05	24	Aberdeen Journal	1809.05.24_TheAberdeenJournal_0002	1809	05	09	Hull Packet	1809.05.09_TheHullPacketandOriginalWeeklyCommercialLiteraryandGeneralAdvertiser_0001
395	549	555	1809	05	24	Aberdeen Journal	1809.05.24_TheAberdeenJournal_0002	1809	05	10	Aberdeen Journal	1809.05.10_TheAberdeenJournal_0001
845	1111	1097	1809	05	24	Aberdeen Journal	1809.05.24_TheAberdeenJournal_0002	1809	05	10	Aberdeen Journal	1809.05.10_TheAberdeenJournal_0002
209	267	268	1809	05	24	Aberdeen Journal	1809.05.24_TheAberdeenJournal_0002	1809	05	10	Aberdeen Journal	1809.05.10_TheAberdeenJournal_0003
573	873	830	1809	05	24	Aberdeen Journal	1809.05.24_TheAberdeenJournal_0002	1809	05	11	Caledonian Mercury	1809.05.11_CaledonianMercury_0001
228	318	308	1809	05	24	Aberdeen Journal	1809.05.24_TheAberdeenJournal_0002	1809	05	16	Morning Chronicle	1809.05.16_TheMorningChronicle_0002
583	782	815	1809	05	24	Aberdeen Journal	1809.05.24_TheAberdeenJournal_0002	1809	05	17	Aberdeen Journal	1809.05.17_TheAberdeenJournal_0001
561	805	818	1809	05	24	Aberdeen Journal	1809.05.24_TheAberdeenJournal_0002	1809	05	17	Aberdeen Journal	1809.05.17_TheAberdeenJournal_0002
628	981	944	1809	05	24	Aberdeen Journal	1809.05.24_TheAberdeenJournal_0002	1809	05	18	Derby Mercury	1809.05.18_TheDerbyMercury_0001
485	722	715	1809	05	24	Aberdeen Journal	1809.05.24_TheAberdeenJournal_0002	1809	05	18	Trewman’s Exeter Flying Post	1809.05.18_Trewman'sExeterFlyingPostorPlymouthandCornishAdvertiser_0003
266	386	373	1809	05	24	Aberdeen Journal	1809.05.24_TheAberdeenJournal_0002	1809	05	20	Jackson’s Oxford Journal	1809.05.20_Jackson'sOxfordJournal_0002
283	480	469	1809	05	24	Aberdeen Journal	1809.05.24_TheAberdeenJournal_0002	1809	05	20	Leeds Mercury	1809.05.20_TheLeedsMercury_0001
266	342	352	1809	05	24	Aberdeen Journal	1809.05.24_TheAberdeenJournal_0003	1809	05	17	Aberdeen Journal	1809.05.17_TheAberdeenJournal_0004
233	359	355	1809	05	24	Aberdeen Journal	1809.05.24_TheAberdeenJournal_0003	1809	05	18	Caledonian Mercury	1809.05.18_CaledonianMercury_0003
213	363	357	1809	05	24	Aberdeen Journal	1809.05.24_TheAberdeenJournal_0003	1809	05	20	Jackson’s Oxford Journal	1809.05.20_Jackson'sOxfordJournal_0001
295	436	427	1809	05	24	Aberdeen Journal	1809.05.24_TheAberdeenJournal_0004	1809	05	10	Aberdeen Journal	1809.05.10_TheAberdeenJournal_0004
229	363	373	1809	05	25	Caledonian Mercury	1809.05.25_CaledonianMercury_0001	1809	05	01	Caledonian Mercury	1809.05.01_CaledonianMercury_0001
347	568	582	1809	05	25	Caledonian Mercury	1809.05.25_CaledonianMercury_0001	1809	05	11	Caledonian Mercury	1809.05.11_CaledonianMercury_0001
299	410	423	1809	05	25	Caledonian Mercury	1809.05.25_CaledonianMercury_0001	1809	05	15	Caledonian Mercury	1809.05.15_CaledonianMercury_0001
413	631	626	1809	05	25	Caledonian Mercury	1809.05.25_CaledonianMercury_0001	1809	05	18	Caledonian Mercury	1809.05.18_CaledonianMercury_0001
558	820	833	1809	05	25	Caledonian Mercury	1809.05.25_CaledonianMercury_0001	1809	05	20	Caledonian Mercury	1809.05.20_CaledonianMercury_0001
264	420	426	1809	05	25	Caledonian Mercury	1809.05.25_CaledonianMercury_0001	1809	05	22	Caledonian Mercury	1809.05.22_CaledonianMercury_0001
207	294	292	1809	05	25	Caledonian Mercury	1809.05.25_CaledonianMercury_0002	1809	05	22	Hampshire/Portsmouth Telegraph	1809.05.22_HampshireTelegraphandSussexChronicleetc_0003
490	737	749	1809	05	25	Caledonian Mercury	1809.05.25_CaledonianMercury_0002	1809	05	22	Morning Chronicle	1809.05.22_TheMorningChronicle_0002
248	410	418	1809	05	25	Caledonian Mercury	1809.05.25_CaledonianMercury_0003	1809	05	22	Morning Chronicle	1809.05.22_TheMorningChronicle_0002
285	473	477	1809	05	25	Caledonian Mercury	1809.05.25_CaledonianMercury_0004	1809	05	01	Caledonian Mercury	1809.05.01_CaledonianMercury_0004
222	322	335	1809	05	25	Caledonian Mercury	1809.05.25_CaledonianMercury_0004	1809	05	04	Caledonian Mercury	1809.05.04_CaledonianMercury_0004
213	313	321	1809	05	25	Caledonian Mercury	1809.05.25_CaledonianMercury_0004	1809	05	06	Caledonian Mercury	1809.05.06_CaledonianMercury_0004
238	382	382	1809	05	25	Caledonian Mercury	1809.05.25_CaledonianMercury_0004	1809	05	08	Caledonian Mercury	1809.05.08_CaledonianMercury_0004
413	577	593	1809	05	25	Caledonian Mercury	1809.05.25_CaledonianMercury_0004	1809	05	11	Caledonian Mercury	1809.05.11_CaledonianMercury_0004
310	438	458	1809	05	25	Caledonian Mercury	1809.05.25_CaledonianMercury_0004	1809	05	15	Caledonian Mercury	1809.05.15_CaledonianMercury_0004
337	453	459	1809	05	25	Caledonian Mercury	1809.05.25_CaledonianMercury_0004	1809	05	18	Caledonian Mercury	1809.05.18_CaledonianMercury_0004
371	535	523	1809	05	25	Caledonian Mercury	1809.05.25_CaledonianMercury_0004	1809	05	22	Morning Chronicle	1809.05.22_TheMorningChronicle_0002
263	426	409	1809	05	25	Derby Mercury	1809.05.25_TheDerbyMercury_0001	1809	05	04	Derby Mercury	1809.05.04_TheDerbyMercury_0001
243	412	387	1809	05	25	Derby Mercury	1809.05.25_TheDerbyMercury_0001	1809	05	18	Derby Mercury	1809.05.18_TheDerbyMercury_0001
266	428	410	1809	05	25	Derby Mercury	1809.05.25_TheDerbyMercury_0002	1809	05	25	Caledonian Mercury	1809.05.25_CaledonianMercury_0003
351	551	571	1809	05	25	Derby Mercury	1809.05.25_TheDerbyMercury_0004	1809	05	04	Derby Mercury	1809.05.04_TheDerbyMercury_0004
296	491	492	1809	05	25	Derby Mercury	1809.05.25_TheDerbyMercury_0004	1809	05	11	Derby Mercury	1809.05.11_TheDerbyMercury_0004
353	568	559	1809	05	25	Derby Mercury	1809.05.25_TheDerbyMercury_0004	1809	05	18	Derby Mercury	1809.05.18_TheDerbyMercury_0004
209	291	293	1809	05	25	Derby Mercury	1809.05.25_TheDerbyMercury_0004	1809	05	20	Jackson’s Oxford Journal	1809.05.20_Jackson'sOxfordJournal_0002
438	676	666	1809	05	25	Trewman’s Exeter Flying Post	1809.05.25_Trewman'sExeterFlyingPostorPlymouthandCornishAdvertiser_0001	1809	05	18	Trewman’s Exeter Flying Post	1809.05.18_Trewman'sExeterFlyingPostorPlymouthandCornishAdvertiser_0001
326	522	542	1809	05	25	Trewman’s Exeter Flying Post	1809.05.25_Trewman'sExeterFlyingPostorPlymouthandCornishAdvertiser_0001	1809	05	18	Trewman’s Exeter Flying Post	1809.05.18_Trewman'sExeterFlyingPostorPlymouthandCornishAdvertiser_0002
421	667	647	1809	05	25	Trewman’s Exeter Flying Post	1809.05.25_Trewman'sExeterFlyingPostorPlymouthandCornishAdvertiser_0002	1809	05	04	Trewman’s Exeter Flying Post	1809.05.04_Trewman'sExeterFlyingPostorPlymouthandCornishAdvertiser_0002
481	795	782	1809	05	25	Trewman’s Exeter Flying Post	1809.05.25_Trewman'sExeterFlyingPostorPlymouthandCornishAdvertiser_0002	1809	05	11	Trewman’s Exeter Flying Post	1809.05.11_Trewman'sExeterFlyingPostorPlymouthandCornishAdvertiser_0001
833	1264	1248	1809	05	25	Trewman’s Exeter Flying Post	1809.05.25_Trewman'sExeterFlyingPostorPlymouthandCornishAdvertiser_0002	1809	05	11	Trewman’s Exeter Flying Post	1809.05.11_Trewman'sExeterFlyingPostorPlymouthandCornishAdvertiser_0003
488	772	745	1809	05	25	Trewman’s Exeter Flying Post	1809.05.25_Trewman'sExeterFlyingPostorPlymouthandCornishAdvertiser_0002	1809	05	18	Trewman’s Exeter Flying Post	1809.05.18_Trewman'sExeterFlyingPostorPlymouthandCornishAdvertiser_0002
654	1016	1034	1809	05	25	Trewman’s Exeter Flying Post	1809.05.25_Trewman'sExeterFlyingPostorPlymouthandCornishAdvertiser_0002	1809	05	18	Trewman’s Exeter Flying Post	1809.05.18_Trewman'sExeterFlyingPostorPlymouthandCornishAdvertiser_0003
306	464	459	1809	05	25	Trewman’s Exeter Flying Post	1809.05.25_Trewman'sExeterFlyingPostorPlymouthandCornishAdvertiser_0002	1809	05	18	Trewman’s Exeter Flying Post	1809.05.18_Trewman'sExeterFlyingPostorPlymouthandCornishAdvertiser_0004
427	640	626	1809	05	25	Trewman’s Exeter Flying Post	1809.05.25_Trewman'sExeterFlyingPostorPlymouthandCornishAdvertiser_0003	1809	05	04	Morning Chronicle	1809.05.04_TheMorningChronicle_0002
373	586	590	1809	05	25	Trewman’s Exeter Flying Post	1809.05.25_Trewman'sExeterFlyingPostorPlymouthandCornishAdvertiser_0003	1809	05	04	Trewman’s Exeter Flying Post	1809.05.04_Trewman'sExeterFlyingPostorPlymouthandCornishAdvertiser_0002
251	373	381	1809	05	25	Trewman’s Exeter Flying Post	1809.05.25_Trewman'sExeterFlyingPostorPlymouthandCornishAdvertiser_0003	1809	05	04	Trewman’s Exeter Flying Post	1809.05.04_Trewman'sExeterFlyingPostorPlymouthandCornishAdvertiser_0003
325	501	487	1809	05	25	Trewman’s Exeter Flying Post	1809.05.25_Trewman'sExeterFlyingPostorPlymouthandCornishAdvertiser_0003	1809	05	06	Caledonian Mercury	1809.05.06_CaledonianMercury_0003
245	355	352	1809	05	25	Trewman’s Exeter Flying Post	1809.05.25_Trewman'sExeterFlyingPostorPlymouthandCornishAdvertiser_0003	1809	05	06	Jackson’s Oxford Journal	1809.05.06_Jackson'sOxfordJournal_0001
302	471	472	1809	05	25	Trewman’s Exeter Flying Post	1809.05.25_Trewman'sExeterFlyingPostorPlymouthandCornishAdvertiser_0003	1809	05	09	Hull Packet	1809.05.09_TheHullPacketandOriginalWeeklyCommercialLiteraryandGeneralAdvertiser_0004
459	698	690	1809	05	25	Trewman’s Exeter Flying Post	1809.05.25_Trewman'sExeterFlyingPostorPlymouthandCornishAdvertiser_0003	1809	05	11	Trewman’s Exeter Flying Post	1809.05.11_Trewman'sExeterFlyingPostorPlymouthandCornishAdvertiser_0002
452	657	663	1809	05	25	Trewman’s Exeter Flying Post	1809.05.25_Trewman'sExeterFlyingPostorPlymouthandCornishAdvertiser_0003	1809	05	11	Trewman’s Exeter Flying Post	1809.05.11_Trewman'sExeterFlyingPostorPlymouthandCornishAdvertiser_0003
249	385	386	1809	05	25	Trewman’s Exeter Flying Post	1809.05.25_Trewman'sExeterFlyingPostorPlymouthandCornishAdvertiser_0003	1809	05	18	Trewman’s Exeter Flying Post	1809.05.18_Trewman'sExeterFlyingPostorPlymouthandCornishAdvertiser_0001
437	692	711	1809	05	25	Trewman’s Exeter Flying Post	1809.05.25_Trewman'sExeterFlyingPostorPlymouthandCornishAdvertiser_0003	1809	05	18	Trewman’s Exeter Flying Post	1809.05.18_Trewman'sExeterFlyingPostorPlymouthandCornishAdvertiser_0002
572	877	900	1809	05	25	Trewman’s Exeter Flying Post	1809.05.25_Trewman'sExeterFlyingPostorPlymouthandCornishAdvertiser_0003	1809	05	18	Trewman’s Exeter Flying Post	1809.05.18_Trewman'sExeterFlyingPostorPlymouthandCornishAdvertiser_0003
340	539	529	1809	05	25	Trewman’s Exeter Flying Post	1809.05.25_Trewman'sExeterFlyingPostorPlymouthandCornishAdvertiser_0004	1809	05	18	Trewman’s Exeter Flying Post	1809.05.18_Trewman'sExeterFlyingPostorPlymouthandCornishAdvertiser_0004
302	461	476	1809	05	27	Caledonian Mercury	1809.05.27_CaledonianMercury_0001	1809	05	13	Caledonian Mercury	1809.05.13_CaledonianMercury_0001
550	767	771	1809	05	27	Caledonian Mercury	1809.05.27_CaledonianMercury_0001	1809	05	20	Caledonian Mercury	1809.05.20_CaledonianMercury_0003
272	423	423	1809	05	27	Caledonian Mercury	1809.05.27_CaledonianMercury_0001	1809	05	22	Caledonian Mercury	1809.05.22_CaledonianMercury_0001
420	611	614	1809	05	27	Caledonian Mercury	1809.05.27_CaledonianMercury_0001	1809	05	22	Caledonian Mercury	1809.05.22_CaledonianMercury_0003
453	697	703	1809	05	27	Caledonian Mercury	1809.05.27_CaledonianMercury_0001	1809	05	25	Caledonian Mercury	1809.05.25_CaledonianMercury_0001
300	528	502	1809	05	27	Caledonian Mercury	1809.05.27_CaledonianMercury_0002	1809	05	24	Morning Chronicle	1809.05.24_TheMorningChronicle_0004
241	360	366	1809	05	27	Caledonian Mercury	1809.05.27_CaledonianMercury_0003	1809	05	23	Morning Chronicle	1809.05.23_TheMorningChronicle_0003
518	817	820	1809	05	27	Caledonian Mercury	1809.05.27_CaledonianMercury_0004	1809	05	13	Caledonian Mercury	1809.05.13_CaledonianMercury_0004
252	386	385	1809	05	27	Caledonian Mercury	1809.05.27_CaledonianMercury_0004	1809	05	18	Caledonian Mercury	1809.05.18_CaledonianMercury_0004
634	911	925	1809	05	27	Caledonian Mercury	1809.05.27_CaledonianMercury_0004	1809	05	20	Caledonian Mercury	1809.05.20_CaledonianMercury_0004
263	380	375	1809	05	27	Caledonian Mercury	1809.05.27_CaledonianMercury_0004	1809	05	22	Caledonian Mercury	1809.05.22_CaledonianMercury_0004
1141	1542	1550	1809	05	27	Jackson’s Oxford Journal	1809.05.27_Jackson'sOxfordJournal_0001	1809	05	06	Jackson’s Oxford Journal	1809.05.06_Jackson'sOxfordJournal_0001
539	748	740	1809	05	27	Jackson’s Oxford Journal	1809.05.27_Jackson'sOxfordJournal_0001	1809	05	06	Jackson’s Oxford Journal	1809.05.06_Jackson'sOxfordJournal_0002
222	307	306	1809	05	27	Jackson’s Oxford Journal	1809.05.27_Jackson'sOxfordJournal_0001	1809	05	06	Jackson’s Oxford Journal	1809.05.06_Jackson'sOxfordJournal_0003
1320	1745	1760	1809	05	27	Jackson’s Oxford Journal	1809.05.27_Jackson'sOxfordJournal_0001	1809	05	13	Jackson’s Oxford Journal	1809.05.13_Jackson'sOxfordJournal_0001
222	329	343	1809	05	27	Jackson’s Oxford Journal	1809.05.27_Jackson'sOxfordJournal_0001	1809	05	13	Jackson’s Oxford Journal	1809.05.13_Jackson'sOxfordJournal_0002
562	784	804	1809	05	27	Jackson’s Oxford Journal	1809.05.27_Jackson'sOxfordJournal_0001	1809	05	13	Jackson’s Oxford Journal	1809.05.13_Jackson'sOxfordJournal_0003
1718	2229	2320	1809	05	27	Jackson’s Oxford Journal	1809.05.27_Jackson'sOxfordJournal_0001	1809	05	20	Jackson’s Oxford Journal	1809.05.20_Jackson'sOxfordJournal_0001
454	606	614	1809	05	27	Jackson’s Oxford Journal	1809.05.27_Jackson'sOxfordJournal_0001	1809	05	20	Jackson’s Oxford Journal	1809.05.20_Jackson'sOxfordJournal_0003
202	328	334	1809	05	27	Jackson’s Oxford Journal	1809.05.27_Jackson'sOxfordJournal_0001	1809	05	23	Morning Chronicle	1809.05.23_TheMorningChronicle_0003
733	1116	1091	1809	05	27	Jackson’s Oxford Journal	1809.05.27_Jackson'sOxfordJournal_0002	1809	05	27	Caledonian Mercury	1809.05.27_CaledonianMercury_0002
208	347	362	1809	05	27	Jackson’s Oxford Journal	1809.05.27_Jackson'sOxfordJournal_0002	1809	05	27	Caledonian Mercury	1809.05.27_CaledonianMercury_0003
776	1207	1168	1809	05	27	Jackson’s Oxford Journal	1809.05.27_Jackson'sOxfordJournal_0003	1809	05	20	Jackson’s Oxford Journal	1809.05.20_Jackson'sOxfordJournal_0003
600	805	807	1809	05	27	Jackson’s Oxford Journal	1809.05.27_Jackson'sOxfordJournal_0004	1809	05	06	Jackson’s Oxford Journal	1809.05.06_Jackson'sOxfordJournal_0004
234	335	357	1809	05	27	Jackson’s Oxford Journal	1809.05.27_Jackson'sOxfordJournal_0004	1809	05	13	Jackson’s Oxford Journal	1809.05.13_Jackson'sOxfordJournal_0001
237	386	392	1809	05	27	Jackson’s Oxford Journal	1809.05.27_Jackson'sOxfordJournal_0004	1809	05	18	Trewman’s Exeter Flying Post	1809.05.18_Trewman'sExeterFlyingPostorPlymouthandCornishAdvertiser_0003
336	540	526	1809	05	27	Jackson’s Oxford Journal	1809.05.27_Jackson'sOxfordJournal_0004	1809	05	19	Morning Chronicle	1809.05.19_TheMorningChronicle_0003
385	526	542	1809	05	27	Jackson’s Oxford Journal	1809.05.27_Jackson'sOxfordJournal_0004	1809	05	20	Jackson’s Oxford Journal	1809.05.20_Jackson'sOxfordJournal_0001
351	457	483	1809	05	27	Jackson’s Oxford Journal	1809.05.27_Jackson'sOxfordJournal_0004	1809	05	20	Jackson’s Oxford Journal	1809.05.20_Jackson'sOxfordJournal_0004
234	340	348	1809	05	27	Jackson’s Oxford Journal	1809.05.27_Jackson'sOxfordJournal_0004	1809	05	25	Caledonian Mercury	1809.05.25_CaledonianMercury_0002
342	584	574	1809	05	27	Jackson’s Oxford Journal	1809.05.27_Jackson'sOxfordJournal_0004	1809	05	25	Trewman’s Exeter Flying Post	1809.05.25_Trewman'sExeterFlyingPostorPlymouthandCornishAdvertiser_0003
215	368	370	1809	05	27	Ipswich Journal	1809.05.27_TheIpswichJournal_0001	1809	05	13	Ipswich Journal	1809.05.13_TheIpswichJournal_0003
259	437	436	1809	05	27	Leeds Mercury	1809.05.27_TheLeedsMercury_0001	1809	05	20	Leeds Mercury	1809.05.20_TheLeedsMercury_0001
224	397	406	1809	05	27	Leeds Mercury	1809.05.27_TheLeedsMercury_0004	1809	05	20	Leeds Mercury	1809.05.20_TheLeedsMercury_0004
262	365	381	1809	05	28	Examiner	1809.05.28_TheExaminer_0007	1809	05	27	Caledonian Mercury	1809.05.27_CaledonianMercury_0002
226	353	378	1809	05	28	Examiner	1809.05.28_TheExaminer_0007	1809	05	27	Jackson’s Oxford Journal	1809.05.27_Jackson'sOxfordJournal_0002
501	715	753	1809	05	28	Examiner	1809.05.28_TheExaminer_0008	1809	05	27	Caledonian Mercury	1809.05.27_CaledonianMercury_0002
313	523	555	1809	05	28	Examiner	1809.05.28_TheExaminer_0008	1809	05	27	Jackson’s Oxford Journal	1809.05.27_Jackson'sOxfordJournal_0002
550	843	858	1809	05	28	Examiner	1809.05.28_TheExaminer_0009	1809	05	27	Jackson’s Oxford Journal	1809.05.27_Jackson'sOxfordJournal_0002
247	422	414	1809	05	28	Examiner	1809.05.28_TheExaminer_0014	1809	05	24	Morning Chronicle	1809.05.24_TheMorningChronicle_0004
244	363	379	1809	05	28	Examiner	1809.05.28_TheExaminer_0014	1809	05	27	Caledonian Mercury	1809.05.27_CaledonianMercury_0002
470	677	694	1809	05	28	Examiner	1809.05.28_TheExaminer_0015	1809	05	27	Caledonian Mercury	1809.05.27_CaledonianMercury_0002
310	507	524	1809	05	29	Caledonian Mercury	1809.05.29_CaledonianMercury_0001	1809	05	01	Caledonian Mercury	1809.05.01_CaledonianMercury_0001
218	316	321	1809	05	29	Caledonian Mercury	1809.05.29_CaledonianMercury_0001	1809	05	08	Caledonian Mercury	1809.05.08_CaledonianMercury_0001
283	470	475	1809	05	29	Caledonian Mercury	1809.05.29_CaledonianMercury_0001	1809	05	11	Caledonian Mercury	1809.05.11_CaledonianMercury_0001
554	841	852	1809	05	29	Caledonian Mercury	1809.05.29_CaledonianMercury_0001	1809	05	15	Caledonian Mercury	1809.05.15_CaledonianMercury_0001
463	634	625	1809	05	29	Caledonian Mercury	1809.05.29_CaledonianMercury_0001	1809	05	20	Caledonian Mercury	1809.05.20_CaledonianMercury_0001
232	313	311	1809	05	29	Caledonian Mercury	1809.05.29_CaledonianMercury_0001	1809	05	20	Caledonian Mercury	1809.05.20_CaledonianMercury_0003
270	404	402	1809	05	29	Caledonian Mercury	1809.05.29_CaledonianMercury_0001	1809	05	22	Caledonian Mercury	1809.05.22_CaledonianMercury_0001
514	768	754	1809	05	29	Caledonian Mercury	1809.05.29_CaledonianMercury_0001	1809	05	25	Caledonian Mercury	1809.05.25_CaledonianMercury_0001
500	750	748	1809	05	29	Caledonian Mercury	1809.05.29_CaledonianMercury_0001	1809	05	27	Caledonian Mercury	1809.05.27_CaledonianMercury_0001
381	577	576	1809	05	29	Caledonian Mercury	1809.05.29_CaledonianMercury_0002	1809	05	26	Morning Chronicle	1809.05.26_TheMorningChronicle_0002
716	1038	1053	1809	05	29	Caledonian Mercury	1809.05.29_CaledonianMercury_0002	1809	05	27	Jackson’s Oxford Journal	1809.05.27_Jackson'sOxfordJournal_0002
348	582	581	1809	05	29	Caledonian Mercury	1809.05.29_CaledonianMercury_0002	1809	05	27	Ipswich Journal	1809.05.27_TheIpswichJournal_0002
863	1182	1189	1809	05	29	Caledonian Mercury	1809.05.29_CaledonianMercury_0002	1809	05	28	Examiner	1809.05.28_TheExaminer_0009
259	363	370	1809	05	29	Caledonian Mercury	1809.05.29_CaledonianMercury_0003	1809	05	26	Morning Chronicle	1809.05.26_TheMorningChronicle_0003
335	456	446	1809	05	29	Caledonian Mercury	1809.05.29_CaledonianMercury_0003	1809	05	27	Morning Chronicle	1809.05.27_TheMorningChronicle_0003
1285	1816	1828	1809	05	29	Caledonian Mercury	1809.05.29_CaledonianMercury_0004	1809	05	01	Caledonian Mercury	1809.05.01_CaledonianMercury_0004
287	371	386	1809	05	29	Caledonian Mercury	1809.05.29_CaledonianMercury_0004	1809	05	06	Caledonian Mercury	1809.05.06_CaledonianMercury_0004
243	350	355	1809	05	29	Caledonian Mercury	1809.05.29_CaledonianMercury_0004	1809	05	08	Caledonian Mercury	1809.05.08_CaledonianMercury_0004
259	374	379	1809	05	29	Caledonian Mercury	1809.05.29_CaledonianMercury_0004	1809	05	11	Caledonian Mercury	1809.05.11_CaledonianMercury_0004
1078	1433	1464	1809	05	29	Caledonian Mercury	1809.05.29_CaledonianMercury_0004	1809	05	15	Caledonian Mercury	1809.05.15_CaledonianMercury_0004
217	302	313	1809	05	29	Caledonian Mercury	1809.05.29_CaledonianMercury_0004	1809	05	18	Caledonian Mercury	1809.05.18_CaledonianMercury_0004
370	546	538	1809	05	29	Caledonian Mercury	1809.05.29_CaledonianMercury_0004	1809	05	22	Caledonian Mercury	1809.05.22_CaledonianMercury_0004
216	343	336	1809	05	29	Caledonian Mercury	1809.05.29_CaledonianMercury_0004	1809	05	25	Caledonian Mercury	1809.05.25_CaledonianMercury_0001
398	589	611	1809	05	29	Caledonian Mercury	1809.05.29_CaledonianMercury_0004	1809	05	27	Caledonian Mercury	1809.05.27_CaledonianMercury_0004
271	436	421	1809	05	30	Hull Packet	1809.05.30_TheHullPacketandOriginalWeeklyCommercialLiteraryandGeneralAdvertiser_0001	1809	05	06	Jackson’s Oxford Journal	1809.05.06_Jackson'sOxfordJournal_0004
251	327	334	1809	05	30	Hull Packet	1809.05.30_TheHullPacketandOriginalWeeklyCommercialLiteraryandGeneralAdvertiser_0001	1809	05	23	Hull Packet	1809.05.23_TheHullPacketandOriginalWeeklyCommercialLiteraryandGeneralAdvertiser_0001
405	672	674	1809	05	30	Hull Packet	1809.05.30_TheHullPacketandOriginalWeeklyCommercialLiteraryandGeneralAdvertiser_0001	1809	05	23	Morning Chronicle	1809.05.23_TheMorningChronicle_0002
294	498	525	1809	05	30	Hull Packet	1809.05.30_TheHullPacketandOriginalWeeklyCommercialLiteraryandGeneralAdvertiser_0001	1809	05	25	Derby Mercury	1809.05.25_TheDerbyMercury_0002
220	357	358	1809	05	30	Hull Packet	1809.05.30_TheHullPacketandOriginalWeeklyCommercialLiteraryandGeneralAdvertiser_0002	1809	05	29	Caledonian Mercury	1809.05.29_CaledonianMercury_0002
293	535	514	1809	05	30	Hull Packet	1809.05.30_TheHullPacketandOriginalWeeklyCommercialLiteraryandGeneralAdvertiser_0004	1809	05	24	Morning Chronicle	1809.05.24_TheMorningChronicle_0004
1580	2294	2317	1809	05	30	Hull Packet	1809.05.30_TheHullPacketandOriginalWeeklyCommercialLiteraryandGeneralAdvertiser_0004	1809	05	27	Caledonian Mercury	1809.05.27_CaledonianMercury_0002
645	1067	1072	1809	05	30	Hull Packet	1809.05.30_TheHullPacketandOriginalWeeklyCommercialLiteraryandGeneralAdvertiser_0004	1809	05	27	Jackson’s Oxford Journal	1809.05.27_Jackson'sOxfordJournal_0002
225	367	353	1809	05	30	Hull Packet	1809.05.30_TheHullPacketandOriginalWeeklyCommercialLiteraryandGeneralAdvertiser_0004	1809	05	28	Examiner	1809.05.28_TheExaminer_0007
394	605	574	1809	05	30	Hull Packet	1809.05.30_TheHullPacketandOriginalWeeklyCommercialLiteraryandGeneralAdvertiser_0004	1809	05	28	Examiner	1809.05.28_TheExaminer_0008
253	430	417	1809	05	30	Hull Packet	1809.05.30_TheHullPacketandOriginalWeeklyCommercialLiteraryandGeneralAdvertiser_0004	1809	05	28	Examiner	1809.05.28_TheExaminer_0014
206	372	367	1809	05	30	Hull Packet	1809.05.30_TheHullPacketandOriginalWeeklyCommercialLiteraryandGeneralAdvertiser_0004	1809	05	28	Examiner	1809.05.28_TheExaminer_0015
328	509	494	1809	05	30	Hull Packet	1809.05.30_TheHullPacketandOriginalWeeklyCommercialLiteraryandGeneralAdvertiser_0004	1809	05	28	Examiner	1809.05.28_TheExaminer_0016
204	345	342	1809	05	30	Morning Chronicle	1809.05.30_TheMorningChronicle_0004	1809	05	18	Morning Chronicle	1809.05.18_TheMorningChronicle_0004
294	427	420	1809	05	31	Aberdeen Journal	1809.05.31_TheAberdeenJournal_0001	1809	05	03	Aberdeen Journal	1809.05.03_TheAberdeenJournal_0001
323	487	476	1809	05	31	Aberdeen Journal	1809.05.31_TheAberdeenJournal_0001	1809	05	10	Aberdeen Journal	1809.05.10_TheAberdeenJournal_0001
377	558	560	1809	05	31	Aberdeen Journal	1809.05.31_TheAberdeenJournal_0001	1809	05	10	Aberdeen Journal	1809.05.10_TheAberdeenJournal_0004
1311	1843	1802	1809	05	31	Aberdeen Journal	1809.05.31_TheAberdeenJournal_0001	1809	05	17	Aberdeen Journal	1809.05.17_TheAberdeenJournal_0001
641	877	906	1809	05	31	Aberdeen Journal	1809.05.31_TheAberdeenJournal_0001	1809	05	17	Aberdeen Journal	1809.05.17_TheAberdeenJournal_0004
1386	1941	1921	1809	05	31	Aberdeen Journal	1809.05.31_TheAberdeenJournal_0001	1809	05	24	Aberdeen Journal	1809.05.24_TheAberdeenJournal_0001
281	415	403	1809	05	31	Aberdeen Journal	1809.05.31_TheAberdeenJournal_0001	1809	05	24	Aberdeen Journal	1809.05.24_TheAberdeenJournal_0002
263	353	354	1809	05	31	Aberdeen Journal	1809.05.31_TheAberdeenJournal_0001	1809	05	24	Aberdeen Journal	1809.05.24_TheAberdeenJournal_0003
522	805	794	1809	05	31	Aberdeen Journal	1809.05.31_TheAberdeenJournal_0001	1809	05	24	Aberdeen Journal	1809.05.24_TheAberdeenJournal_0004
280	393	398	1809	05	31	Aberdeen Journal	1809.05.31_TheAberdeenJournal_0002	1809	05	03	Aberdeen Journal	1809.05.03_TheAberdeenJournal_0002
293	402	414	1809	05	31	Aberdeen Journal	1809.05.31_TheAberdeenJournal_0002	1809	05	10	Aberdeen Journal	1809.05.10_TheAberdeenJournal_0002
214	310	322	1809	05	31	Aberdeen Journal	1809.05.31_TheAberdeenJournal_0002	1809	05	17	Aberdeen Journal	1809.05.17_TheAberdeenJournal_0001
260	403	404	1809	05	31	Aberdeen Journal	1809.05.31_TheAberdeenJournal_0002	1809	05	17	Aberdeen Journal	1809.05.17_TheAberdeenJournal_0002
411	574	593	1809	05	31	Aberdeen Journal	1809.05.31_TheAberdeenJournal_0002	1809	05	17	Aberdeen Journal	1809.05.17_TheAberdeenJournal_0003
266	422	418	1809	05	31	Aberdeen Journal	1809.05.31_TheAberdeenJournal_0002	1809	05	22	Caledonian Mercury	1809.05.22_CaledonianMercury_0003
391	578	585	1809	05	31	Aberdeen Journal	1809.05.31_TheAberdeenJournal_0002	1809	05	23	Morning Chronicle	1809.05.23_TheMorningChronicle_0003
472	626	629	1809	05	31	Aberdeen Journal	1809.05.31_TheAberdeenJournal_0002	1809	05	24	Aberdeen Journal	1809.05.24_TheAberdeenJournal_0002
441	589	600	1809	05	31	Aberdeen Journal	1809.05.31_TheAberdeenJournal_0002	1809	05	24	Aberdeen Journal	1809.05.24_TheAberdeenJournal_0004
237	394	389	1809	05	31	Aberdeen Journal	1809.05.31_TheAberdeenJournal_0002	1809	05	27	Caledonian Mercury	1809.05.27_CaledonianMercury_0001
221	312	311	1809	05	31	Aberdeen Journal	1809.05.31_TheAberdeenJournal_0002	1809	05	27	Caledonian Mercury	1809.05.27_CaledonianMercury_0003
381	628	619	1809	05	31	Aberdeen Journal	1809.05.31_TheAberdeenJournal_0002	1809	05	27	Jackson’s Oxford Journal	1809.05.27_Jackson'sOxfordJournal_0002
417	652	645	1809	05	31	Aberdeen Journal	1809.05.31_TheAberdeenJournal_0002	1809	05	28	Examiner	1809.05.28_TheExaminer_0009
501	713	705	1809	05	31	Aberdeen Journal	1809.05.31_TheAberdeenJournal_0002	1809	05	29	Caledonian Mercury	1809.05.29_CaledonianMercury_0002
216	308	307	1809	05	31	Aberdeen Journal	1809.05.31_TheAberdeenJournal_0003	1809	05	25	Caledonian Mercury	1809.05.25_CaledonianMercury_0003
232	400	402	1809	05	31	Aberdeen Journal	1809.05.31_TheAberdeenJournal_0003	1809	05	25	Trewman’s Exeter Flying Post	1809.05.25_Trewman'sExeterFlyingPostorPlymouthandCornishAdvertiser_0004
400	634	628	1809	05	31	Aberdeen Journal	1809.05.31_TheAberdeenJournal_0003	1809	05	29	Caledonian Mercury	1809.05.29_CaledonianMercury_0002
352	575	579	1809	06	01	Caledonian Mercury	1809.06.01_CaledonianMercury_0001	1809	05	25	Caledonian Mercury	1809.05.25_CaledonianMercury_0001
940	1374	1413	1809	06	01	Caledonian Mercury	1809.06.01_CaledonianMercury_0002	1809	05	27	Morning Chronicle	1809.05.27_TheMorningChronicle_0002
609	973	963	1809	06	01	Caledonian Mercury	1809.06.01_CaledonianMercury_0002	1809	05	29	Morning Chronicle	1809.05.29_TheMorningChronicle_0002
240	318	327	1809	06	01	Caledonian Mercury	1809.06.01_CaledonianMercury_0004	1809	05	18	Caledonian Mercury	1809.05.18_CaledonianMercury_0004
214	317	319	1809	06	01	Caledonian Mercury	1809.06.01_CaledonianMercury_0004	1809	05	20	Caledonian Mercury	1809.05.20_CaledonianMercury_0004
308	404	399	1809	06	01	Caledonian Mercury	1809.06.01_CaledonianMercury_0004	1809	05	25	Caledonian Mercury	1809.05.25_CaledonianMercury_0004
392	667	649	1809	06	01	Caledonian Mercury	1809.06.01_CaledonianMercury_0004	1809	05	27	Caledonian Mercury	1809.05.27_CaledonianMercury_0004
453	711	739	1809	06	01	Derby Mercury	1809.06.01_TheDerbyMercury_0004	1809	05	04	Derby Mercury	1809.05.04_TheDerbyMercury_0004
410	631	626	1809	06	01	Derby Mercury	1809.06.01_TheDerbyMercury_0004	1809	05	11	Derby Mercury	1809.05.11_TheDerbyMercury_0004
343	608	606	1809	06	01	Derby Mercury	1809.06.01_TheDerbyMercury_0004	1809	05	18	Derby Mercury	1809.05.18_TheDerbyMercury_0004
313	519	510	1809	06	01	Derby Mercury	1809.06.01_TheDerbyMercury_0004	1809	05	25	Derby Mercury	1809.05.25_TheDerbyMercury_0004
531	809	814	1809	06	01	Derby Mercury	1809.06.01_TheDerbyMercury_0004	1809	05	27	Jackson’s Oxford Journal	1809.05.27_Jackson'sOxfordJournal_0002
478	727	714	1809	06	01	Derby Mercury	1809.06.01_TheDerbyMercury_0004	1809	05	28	Examiner	1809.05.28_TheExaminer_0009
713	1069	1062	1809	06	01	Derby Mercury	1809.06.01_TheDerbyMercury_0004	1809	05	29	Caledonian Mercury	1809.05.29_CaledonianMercury_0002
341	547	557	1809	06	01	Derby Mercury	1809.06.01_TheDerbyMercury_0004	1809	05	31	Aberdeen Journal	1809.05.31_TheAberdeenJournal_0002
227	352	367	1809	06	01	Trewman’s Exeter Flying Post	1809.06.01_Trewman'sExeterFlyingPostorPlymouthandCornishAdvertiser_0001	1809	05	18	Trewman’s Exeter Flying Post	1809.05.18_Trewman'sExeterFlyingPostorPlymouthandCornishAdvertiser_0002
543	956	950	1809	06	01	Trewman’s Exeter Flying Post	1809.06.01_Trewman'sExeterFlyingPostorPlymouthandCornishAdvertiser_0001	1809	05	25	Trewman’s Exeter Flying Post	1809.05.25_Trewman'sExeterFlyingPostorPlymouthandCornishAdvertiser_0001
354	582	562	1809	06	01	Trewman’s Exeter Flying Post	1809.06.01_Trewman'sExeterFlyingPostorPlymouthandCornishAdvertiser_0001	1809	05	25	Trewman’s Exeter Flying Post	1809.05.25_Trewman'sExeterFlyingPostorPlymouthandCornishAdvertiser_0004
234	344	347	1809	06	01	Trewman’s Exeter Flying Post	1809.06.01_Trewman'sExeterFlyingPostorPlymouthandCornishAdvertiser_0002	1809	05	18	Trewman’s Exeter Flying Post	1809.05.18_Trewman'sExeterFlyingPostorPlymouthandCornishAdvertiser_0001
1056	1568	1567	1809	06	01	Trewman’s Exeter Flying Post	1809.06.01_Trewman'sExeterFlyingPostorPlymouthandCornishAdvertiser_0002	1809	05	25	Trewman’s Exeter Flying Post	1809.05.25_Trewman'sExeterFlyingPostorPlymouthandCornishAdvertiser_0001
311	542	536	1809	06	01	Trewman’s Exeter Flying Post	1809.06.01_Trewman'sExeterFlyingPostorPlymouthandCornishAdvertiser_0002	1809	05	25	Trewman’s Exeter Flying Post	1809.05.25_Trewman'sExeterFlyingPostorPlymouthandCornishAdvertiser_0002
205	347	332	1809	06	01	Trewman’s Exeter Flying Post	1809.06.01_Trewman'sExeterFlyingPostorPlymouthandCornishAdvertiser_0002	1809	05	28	Examiner	1809.05.28_TheExaminer_0009
280	464	461	1809	06	01	Trewman’s Exeter Flying Post	1809.06.01_Trewman'sExeterFlyingPostorPlymouthandCornishAdvertiser_0002	1809	05	29	Caledonian Mercury	1809.05.29_CaledonianMercury_0002
451	721	703	1809	06	01	Trewman’s Exeter Flying Post	1809.06.01_Trewman'sExeterFlyingPostorPlymouthandCornishAdvertiser_0003	1809	05	04	Trewman’s Exeter Flying Post	1809.05.04_Trewman'sExeterFlyingPostorPlymouthandCornishAdvertiser_0002
627	1039	1036	1809	06	01	Trewman’s Exeter Flying Post	1809.06.01_Trewman'sExeterFlyingPostorPlymouthandCornishAdvertiser_0003	1809	05	04	Trewman’s Exeter Flying Post	1809.05.04_Trewman'sExeterFlyingPostorPlymouthandCornishAdvertiser_0003
217	355	354	1809	06	01	Trewman’s Exeter Flying Post	1809.06.01_Trewman'sExeterFlyingPostorPlymouthandCornishAdvertiser_0003	1809	05	11	Trewman’s Exeter Flying Post	1809.05.11_Trewman'sExeterFlyingPostorPlymouthandCornishAdvertiser_0002
813	1245	1235	1809	06	01	Trewman’s Exeter Flying Post	1809.06.01_Trewman'sExeterFlyingPostorPlymouthandCornishAdvertiser_0003	1809	05	11	Trewman’s Exeter Flying Post	1809.05.11_Trewman'sExeterFlyingPostorPlymouthandCornishAdvertiser_0003
274	436	430	1809	06	01	Trewman’s Exeter Flying Post	1809.06.01_Trewman'sExeterFlyingPostorPlymouthandCornishAdvertiser_0003	1809	05	18	Trewman’s Exeter Flying Post	1809.05.18_Trewman'sExeterFlyingPostorPlymouthandCornishAdvertiser_0002
702	1054	1051	1809	06	01	Trewman’s Exeter Flying Post	1809.06.01_Trewman'sExeterFlyingPostorPlymouthandCornishAdvertiser_0003	1809	05	18	Trewman’s Exeter Flying Post	1809.05.18_Trewman'sExeterFlyingPostorPlymouthandCornishAdvertiser_0003
746	1191	1212	1809	06	01	Trewman’s Exeter Flying Post	1809.06.01_Trewman'sExeterFlyingPostorPlymouthandCornishAdvertiser_0003	1809	05	25	Trewman’s Exeter Flying Post	1809.05.25_Trewman'sExeterFlyingPostorPlymouthandCornishAdvertiser_0002
270	430	427	1809	06	01	Trewman’s Exeter Flying Post	1809.06.01_Trewman'sExeterFlyingPostorPlymouthandCornishAdvertiser_0003	1809	05	25	Trewman’s Exeter Flying Post	1809.05.25_Trewman'sExeterFlyingPostorPlymouthandCornishAdvertiser_0003
241	359	361	1809	06	03	Caledonian Mercury	1809.06.03_CaledonianMercury_0001	1809	05	13	Caledonian Mercury	1809.05.13_CaledonianMercury_0001
390	534	523	1809	06	03	Caledonian Mercury	1809.06.03_CaledonianMercury_0001	1809	05	20	Caledonian Mercury	1809.05.20_CaledonianMercury_0003
450	682	668	1809	06	03	Caledonian Mercury	1809.06.03_CaledonianMercury_0001	1809	05	27	Caledonian Mercury	1809.05.27_CaledonianMercury_0001
304	443	438	1809	06	03	Caledonian Mercury	1809.06.03_CaledonianMercury_0001	1809	05	29	Caledonian Mercury	1809.05.29_CaledonianMercury_0001
264	405	387	1809	06	03	Caledonian Mercury	1809.06.03_CaledonianMercury_0003	1809	05	31	Morning Chronicle	1809.05.31_TheMorningChronicle_0003
287	434	453	1809	06	03	Caledonian Mercury	1809.06.03_CaledonianMercury_0004	1809	05	20	Caledonian Mercury	1809.05.20_CaledonianMercury_0004
570	883	913	1809	06	03	Caledonian Mercury	1809.06.03_CaledonianMercury_0004	1809	05	27	Caledonian Mercury	1809.05.27_CaledonianMercury_0004
374	541	537	1809	06	03	Jackson’s Oxford Journal	1809.06.03_Jackson'sOxfordJournal_0001	1809	05	06	Jackson’s Oxford Journal	1809.05.06_Jackson'sOxfordJournal_0001
255	348	344	1809	06	03	Jackson’s Oxford Journal	1809.06.03_Jackson'sOxfordJournal_0001	1809	05	06	Jackson’s Oxford Journal	1809.05.06_Jackson'sOxfordJournal_0003
382	546	543	1809	06	03	Jackson’s Oxford Journal	1809.06.03_Jackson'sOxfordJournal_0001	1809	05	06	Jackson’s Oxford Journal	1809.05.06_Jackson'sOxfordJournal_0004
421	631	639	1809	06	03	Jackson’s Oxford Journal	1809.06.03_Jackson'sOxfordJournal_0001	1809	05	13	Jackson’s Oxford Journal	1809.05.13_Jackson'sOxfordJournal_0001
283	401	400	1809	06	03	Jackson’s Oxford Journal	1809.06.03_Jackson'sOxfordJournal_0001	1809	05	13	Jackson’s Oxford Journal	1809.05.13_Jackson'sOxfordJournal_0002
210	294	308	1809	06	03	Jackson’s Oxford Journal	1809.06.03_Jackson'sOxfordJournal_0001	1809	05	13	Jackson’s Oxford Journal	1809.05.13_Jackson'sOxfordJournal_0003
214	328	337	1809	06	03	Jackson’s Oxford Journal	1809.06.03_Jackson'sOxfordJournal_0001	1809	05	18	Trewman’s Exeter Flying Post	1809.05.18_Trewman'sExeterFlyingPostorPlymouthandCornishAdvertiser_0003
687	923	947	1809	06	03	Jackson’s Oxford Journal	1809.06.03_Jackson'sOxfordJournal_0001	1809	05	20	Jackson’s Oxford Journal	1809.05.20_Jackson'sOxfordJournal_0001
590	756	767	1809	06	03	Jackson’s Oxford Journal	1809.06.03_Jackson'sOxfordJournal_0001	1809	05	20	Jackson’s Oxford Journal	1809.05.20_Jackson'sOxfordJournal_0003
557	758	760	1809	06	03	Jackson’s Oxford Journal	1809.06.03_Jackson'sOxfordJournal_0001	1809	05	27	Jackson’s Oxford Journal	1809.05.27_Jackson'sOxfordJournal_0001
236	390	400	1809	06	03	Jackson’s Oxford Journal	1809.06.03_Jackson'sOxfordJournal_0001	1809	05	27	Jackson’s Oxford Journal	1809.05.27_Jackson'sOxfordJournal_0002
323	513	531	1809	06	03	Jackson’s Oxford Journal	1809.06.03_Jackson'sOxfordJournal_0001	1809	05	27	Jackson’s Oxford Journal	1809.05.27_Jackson'sOxfordJournal_0003
394	549	541	1809	06	03	Jackson’s Oxford Journal	1809.06.03_Jackson'sOxfordJournal_0001	1809	05	27	Jackson’s Oxford Journal	1809.05.27_Jackson'sOxfordJournal_0004
348	523	523	1809	06	03	Jackson’s Oxford Journal	1809.06.03_Jackson'sOxfordJournal_0002	1809	05	06	Jackson’s Oxford Journal	1809.05.06_Jackson'sOxfordJournal_0001
303	487	467	1809	06	03	Jackson’s Oxford Journal	1809.06.03_Jackson'sOxfordJournal_0002	1809	05	06	Jackson’s Oxford Journal	1809.05.06_Jackson'sOxfordJournal_0002
228	324	332	1809	06	03	Jackson’s Oxford Journal	1809.06.03_Jackson'sOxfordJournal_0002	1809	05	13	Jackson’s Oxford Journal	1809.05.13_Jackson'sOxfordJournal_0001
218	350	361	1809	06	03	Jackson’s Oxford Journal	1809.06.03_Jackson'sOxfordJournal_0002	1809	05	20	Jackson’s Oxford Journal	1809.05.20_Jackson'sOxfordJournal_0002
544	813	805	1809	06	03	Jackson’s Oxford Journal	1809.06.03_Jackson'sOxfordJournal_0002	1809	05	27	Jackson’s Oxford Journal	1809.05.27_Jackson'sOxfordJournal_0001
256	376	384	1809	06	03	Jackson’s Oxford Journal	1809.06.03_Jackson'sOxfordJournal_0003	1809	05	06	Jackson’s Oxford Journal	1809.05.06_Jackson'sOxfordJournal_0003
276	388	395	1809	06	03	Jackson’s Oxford Journal	1809.06.03_Jackson'sOxfordJournal_0003	1809	05	20	Jackson’s Oxford Journal	1809.05.20_Jackson'sOxfordJournal_0003
272	386	398	1809	06	03	Jackson’s Oxford Journal	1809.06.03_Jackson'sOxfordJournal_0003	1809	05	27	Jackson’s Oxford Journal	1809.05.27_Jackson'sOxfordJournal_0002
600	880	909	1809	06	03	Jackson’s Oxford Journal	1809.06.03_Jackson'sOxfordJournal_0003	1809	05	27	Jackson’s Oxford Journal	1809.05.27_Jackson'sOxfordJournal_0003
651	1014	975	1809	06	03	Jackson’s Oxford Journal	1809.06.03_Jackson'sOxfordJournal_0004	1809	05	06	Jackson’s Oxford Journal	1809.05.06_Jackson'sOxfordJournal_0004
203	300	296	1809	06	05	Caledonian Mercury	1809.06.05_CaledonianMercury_0004	1809	05	01	Caledonian Mercury	1809.05.01_CaledonianMercury_0004
504	746	744	1809	06	05	Caledonian Mercury	1809.06.05_CaledonianMercury_0004	1809	05	29	Caledonian Mercury	1809.05.29_CaledonianMercury_0004
217	356	351	1809	06	05	Hampshire/Portsmouth Telegraph	1809.06.05_HampshireTelegraphandSussexChronicleetc_0004	1809	05	30	Morning Chronicle	1809.05.30_TheMorningChronicle_0003
228	327	341	1809	06	06	Hull Packet	1809.06.06_TheHullPacketandOriginalWeeklyCommercialLiteraryandGeneralAdvertiser_0001	1809	05	30	Hull Packet	1809.05.30_TheHullPacketandOriginalWeeklyCommercialLiteraryandGeneralAdvertiser_0001
265	392	407	1809	06	07	Aberdeen Journal	1809.06.07_TheAberdeenJournal_0001	1809	05	10	Aberdeen Journal	1809.05.10_TheAberdeenJournal_0004
879	1276	1278	1809	06	07	Aberdeen Journal	1809.06.07_TheAberdeenJournal_0001	1809	05	17	Aberdeen Journal	1809.05.17_TheAberdeenJournal_0001
353	461	474	1809	06	07	Aberdeen Journal	1809.06.07_TheAberdeenJournal_0001	1809	05	17	Aberdeen Journal	1809.05.17_TheAberdeenJournal_0004
689	1012	1030	1809	06	07	Aberdeen Journal	1809.06.07_TheAberdeenJournal_0001	1809	05	24	Aberdeen Journal	1809.05.24_TheAberdeenJournal_0001
364	484	478	1809	06	07	Aberdeen Journal	1809.06.07_TheAberdeenJournal_0001	1809	05	24	Aberdeen Journal	1809.05.24_TheAberdeenJournal_0002
247	375	379	1809	06	07	Aberdeen Journal	1809.06.07_TheAberdeenJournal_0001	1809	05	24	Aberdeen Journal	1809.05.24_TheAberdeenJournal_0004
1360	1860	1864	1809	06	07	Aberdeen Journal	1809.06.07_TheAberdeenJournal_0001	1809	05	31	Aberdeen Journal	1809.05.31_TheAberdeenJournal_0001
620	875	886	1809	06	07	Aberdeen Journal	1809.06.07_TheAberdeenJournal_0001	1809	05	31	Aberdeen Journal	1809.05.31_TheAberdeenJournal_0004
341	475	451	1809	06	07	Aberdeen Journal	1809.06.07_TheAberdeenJournal_0002	1809	05	10	Aberdeen Journal	1809.05.10_TheAberdeenJournal_0002
239	399	394	1809	06	07	Aberdeen Journal	1809.06.07_TheAberdeenJournal_0002	1809	05	11	Caledonian Mercury	1809.05.11_CaledonianMercury_0001
299	415	417	1809	06	07	Aberdeen Journal	1809.06.07_TheAberdeenJournal_0002	1809	05	15	Caledonian Mercury	1809.05.15_CaledonianMercury_0001
385	526	515	1809	06	07	Aberdeen Journal	1809.06.07_TheAberdeenJournal_0002	1809	05	20	Caledonian Mercury	1809.05.20_CaledonianMercury_0001
323	480	488	1809	06	07	Aberdeen Journal	1809.06.07_TheAberdeenJournal_0002	1809	05	22	Caledonian Mercury	1809.05.22_CaledonianMercury_0003
573	786	771	1809	06	07	Aberdeen Journal	1809.06.07_TheAberdeenJournal_0002	1809	05	24	Aberdeen Journal	1809.05.24_TheAberdeenJournal_0002
451	586	577	1809	06	07	Aberdeen Journal	1809.06.07_TheAberdeenJournal_0002	1809	05	24	Aberdeen Journal	1809.05.24_TheAberdeenJournal_0004
370	539	523	1809	06	07	Aberdeen Journal	1809.06.07_TheAberdeenJournal_0002	1809	05	25	Caledonian Mercury	1809.05.25_CaledonianMercury_0001
308	492	493	1809	06	07	Aberdeen Journal	1809.06.07_TheAberdeenJournal_0002	1809	05	27	Caledonian Mercury	1809.05.27_CaledonianMercury_0001
444	633	625	1809	06	07	Aberdeen Journal	1809.06.07_TheAberdeenJournal_0002	1809	05	29	Caledonian Mercury	1809.05.29_CaledonianMercury_0001
1100	1470	1500	1809	06	07	Aberdeen Journal	1809.06.07_TheAberdeenJournal_0002	1809	05	31	Aberdeen Journal	1809.05.31_TheAberdeenJournal_0002
273	423	425	1809	06	08	Caledonian Mercury	1809.06.08_CaledonianMercury_0001	1809	05	15	Caledonian Mercury	1809.05.15_CaledonianMercury_0001
358	541	537	1809	06	08	Caledonian Mercury	1809.06.08_CaledonianMercury_0001	1809	05	20	Caledonian Mercury	1809.05.20_CaledonianMercury_0001
460	731	720	1809	06	08	Caledonian Mercury	1809.06.08_CaledonianMercury_0001	1809	05	25	Caledonian Mercury	1809.05.25_CaledonianMercury_0001
257	385	385	1809	06	08	Caledonian Mercury	1809.06.08_CaledonianMercury_0001	1809	05	25	Caledonian Mercury	1809.05.25_CaledonianMercury_0004
462	687	690	1809	06	08	Caledonian Mercury	1809.06.08_CaledonianMercury_0001	1809	05	29	Caledonian Mercury	1809.05.29_CaledonianMercury_0001
393	622	624	1809	06	08	Derby Mercury	1809.06.08_TheDerbyMercury_0004	1809	05	04	Derby Mercury	1809.05.04_TheDerbyMercury_0004
344	599	573	1809	06	08	Derby Mercury	1809.06.08_TheDerbyMercury_0004	1809	05	11	Derby Mercury	1809.05.11_TheDerbyMercury_0004
283	448	442	1809	06	08	Derby Mercury	1809.06.08_TheDerbyMercury_0004	1809	05	11	Trewman’s Exeter Flying Post	1809.05.11_Trewman'sExeterFlyingPostorPlymouthandCornishAdvertiser_0003
591	991	960	1809	06	08	Derby Mercury	1809.06.08_TheDerbyMercury_0004	1809	05	18	Derby Mercury	1809.05.18_TheDerbyMercury_0004
401	655	652	1809	06	08	Derby Mercury	1809.06.08_TheDerbyMercury_0004	1809	05	25	Derby Mercury	1809.05.25_TheDerbyMercury_0004
235	366	370	1809	06	08	Trewman’s Exeter Flying Post	1809.06.08_Trewman'sExeterFlyingPostorPlymouthandCornishAdvertiser_0001	1809	05	04	Trewman’s Exeter Flying Post	1809.05.04_Trewman'sExeterFlyingPostorPlymouthandCornishAdvertiser_0003
223	356	350	1809	06	08	Trewman’s Exeter Flying Post	1809.06.08_Trewman'sExeterFlyingPostorPlymouthandCornishAdvertiser_0001	1809	05	18	Trewman’s Exeter Flying Post	1809.05.18_Trewman'sExeterFlyingPostorPlymouthandCornishAdvertiser_0004
224	368	360	1809	06	08	Trewman’s Exeter Flying Post	1809.06.08_Trewman'sExeterFlyingPostorPlymouthandCornishAdvertiser_0001	1809	05	25	Trewman’s Exeter Flying Post	1809.05.25_Trewman'sExeterFlyingPostorPlymouthandCornishAdvertiser_0001
351	563	544	1809	06	08	Trewman’s Exeter Flying Post	1809.06.08_Trewman'sExeterFlyingPostorPlymouthandCornishAdvertiser_0001	1809	05	25	Trewman’s Exeter Flying Post	1809.05.25_Trewman'sExeterFlyingPostorPlymouthandCornishAdvertiser_0002
396	605	608	1809	06	08	Trewman’s Exeter Flying Post	1809.06.08_Trewman'sExeterFlyingPostorPlymouthandCornishAdvertiser_0001	1809	05	25	Trewman’s Exeter Flying Post	1809.05.25_Trewman'sExeterFlyingPostorPlymouthandCornishAdvertiser_0004
614	1008	987	1809	06	08	Trewman’s Exeter Flying Post	1809.06.08_Trewman'sExeterFlyingPostorPlymouthandCornishAdvertiser_0002	1809	05	11	Trewman’s Exeter Flying Post	1809.05.11_Trewman'sExeterFlyingPostorPlymouthandCornishAdvertiser_0003
916	1387	1338	1809	06	08	Trewman’s Exeter Flying Post	1809.06.08_Trewman'sExeterFlyingPostorPlymouthandCornishAdvertiser_0002	1809	05	25	Trewman’s Exeter Flying Post	1809.05.25_Trewman'sExeterFlyingPostorPlymouthandCornishAdvertiser_0001
228	361	351	1809	06	08	Trewman’s Exeter Flying Post	1809.06.08_Trewman'sExeterFlyingPostorPlymouthandCornishAdvertiser_0002	1809	05	25	Trewman’s Exeter Flying Post	1809.05.25_Trewman'sExeterFlyingPostorPlymouthandCornishAdvertiser_0003
406	650	625	1809	06	08	Trewman’s Exeter Flying Post	1809.06.08_Trewman'sExeterFlyingPostorPlymouthandCornishAdvertiser_0003	1809	05	04	Trewman’s Exeter Flying Post	1809.05.04_Trewman'sExeterFlyingPostorPlymouthandCornishAdvertiser_0002
932	1452	1420	1809	06	08	Trewman’s Exeter Flying Post	1809.06.08_Trewman'sExeterFlyingPostorPlymouthandCornishAdvertiser_0003	1809	05	11	Trewman’s Exeter Flying Post	1809.05.11_Trewman'sExeterFlyingPostorPlymouthandCornishAdvertiser_0003
211	333	326	1809	06	08	Trewman’s Exeter Flying Post	1809.06.08_Trewman'sExeterFlyingPostorPlymouthandCornishAdvertiser_0003	1809	05	18	Trewman’s Exeter Flying Post	1809.05.18_Trewman'sExeterFlyingPostorPlymouthandCornishAdvertiser_0002
467	696	691	1809	06	08	Trewman’s Exeter Flying Post	1809.06.08_Trewman'sExeterFlyingPostorPlymouthandCornishAdvertiser_0003	1809	05	18	Trewman’s Exeter Flying Post	1809.05.18_Trewman'sExeterFlyingPostorPlymouthandCornishAdvertiser_0003
436	669	662	1809	06	08	Trewman’s Exeter Flying Post	1809.06.08_Trewman'sExeterFlyingPostorPlymouthandCornishAdvertiser_0003	1809	05	25	Trewman’s Exeter Flying Post	1809.05.25_Trewman'sExeterFlyingPostorPlymouthandCornishAdvertiser_0001
1524	2251	2320	1809	06	08	Trewman’s Exeter Flying Post	1809.06.08_Trewman'sExeterFlyingPostorPlymouthandCornishAdvertiser_0003	1809	05	25	Trewman’s Exeter Flying Post	1809.05.25_Trewman'sExeterFlyingPostorPlymouthandCornishAdvertiser_0002
281	450	462	1809	06	08	Trewman’s Exeter Flying Post	1809.06.08_Trewman'sExeterFlyingPostorPlymouthandCornishAdvertiser_0004	1809	05	25	Trewman’s Exeter Flying Post	1809.05.25_Trewman'sExeterFlyingPostorPlymouthandCornishAdvertiser_0002
271	418	428	1809	06	10	Caledonian Mercury	1809.06.10_CaledonianMercury_0004	1809	05	13	Caledonian Mercury	1809.05.13_CaledonianMercury_0004
533	780	799	1809	06	10	Caledonian Mercury	1809.06.10_CaledonianMercury_0004	1809	05	20	Caledonian Mercury	1809.05.20_CaledonianMercury_0004
716	1047	1074	1809	06	10	Caledonian Mercury	1809.06.10_CaledonianMercury_0004	1809	05	27	Caledonian Mercury	1809.05.27_CaledonianMercury_0004
284	433	416	1809	06	10	Jackson’s Oxford Journal	1809.06.10_Jackson'sOxfordJournal_0001	1809	05	06	Jackson’s Oxford Journal	1809.05.06_Jackson'sOxfordJournal_0001
365	538	522	1809	06	10	Jackson’s Oxford Journal	1809.06.10_Jackson'sOxfordJournal_0001	1809	05	13	Jackson’s Oxford Journal	1809.05.13_Jackson'sOxfordJournal_0001
313	455	452	1809	06	10	Jackson’s Oxford Journal	1809.06.10_Jackson'sOxfordJournal_0001	1809	05	13	Jackson’s Oxford Journal	1809.05.13_Jackson'sOxfordJournal_0002
559	817	814	1809	06	10	Jackson’s Oxford Journal	1809.06.10_Jackson'sOxfordJournal_0001	1809	05	20	Jackson’s Oxford Journal	1809.05.20_Jackson'sOxfordJournal_0001
400	603	582	1809	06	10	Jackson’s Oxford Journal	1809.06.10_Jackson'sOxfordJournal_0001	1809	05	27	Jackson’s Oxford Journal	1809.05.27_Jackson'sOxfordJournal_0001
226	371	363	1809	06	10	Jackson’s Oxford Journal	1809.06.10_Jackson'sOxfordJournal_0002	1809	05	06	Jackson’s Oxford Journal	1809.05.06_Jackson'sOxfordJournal_0002
206	348	344	1809	06	10	Jackson’s Oxford Journal	1809.06.10_Jackson'sOxfordJournal_0002	1809	05	13	Jackson’s Oxford Journal	1809.05.13_Jackson'sOxfordJournal_0003
329	549	534	1809	06	10	Jackson’s Oxford Journal	1809.06.10_Jackson'sOxfordJournal_0002	1809	05	27	Jackson’s Oxford Journal	1809.05.27_Jackson'sOxfordJournal_0001
333	499	493	1809	06	10	Jackson’s Oxford Journal	1809.06.10_Jackson'sOxfordJournal_0003	1809	05	06	Jackson’s Oxford Journal	1809.05.06_Jackson'sOxfordJournal_0003
268	397	389	1809	06	10	Jackson’s Oxford Journal	1809.06.10_Jackson'sOxfordJournal_0003	1809	05	20	Jackson’s Oxford Journal	1809.05.20_Jackson'sOxfordJournal_0003
262	413	415	1809	06	10	Jackson’s Oxford Journal	1809.06.10_Jackson'sOxfordJournal_0003	1809	05	27	Jackson’s Oxford Journal	1809.05.27_Jackson'sOxfordJournal_0003
254	382	371	1809	06	10	Jackson’s Oxford Journal	1809.06.10_Jackson'sOxfordJournal_0004	1809	05	06	Jackson’s Oxford Journal	1809.05.06_Jackson'sOxfordJournal_0004
322	485	499	1809	06	10	Jackson’s Oxford Journal	1809.06.10_Jackson'sOxfordJournal_0004	1809	05	13	Jackson’s Oxford Journal	1809.05.13_Jackson'sOxfordJournal_0001
295	448	457	1809	06	10	Jackson’s Oxford Journal	1809.06.10_Jackson'sOxfordJournal_0004	1809	05	20	Jackson’s Oxford Journal	1809.05.20_Jackson'sOxfordJournal_0001
223	364	349	1809	06	10	Jackson’s Oxford Journal	1809.06.10_Jackson'sOxfordJournal_0004	1809	05	27	Jackson’s Oxford Journal	1809.05.27_Jackson'sOxfordJournal_0004
327	505	517	1809	06	12	Caledonian Mercury	1809.06.12_CaledonianMercury_0001	1809	05	29	Caledonian Mercury	1809.05.29_CaledonianMercury_0004
213	336	341	1809	06	12	Caledonian Mercury	1809.06.12_CaledonianMercury_0004	1809	05	01	Caledonian Mercury	1809.05.01_CaledonianMercury_0004
372	549	557	1809	06	12	Caledonian Mercury	1809.06.12_CaledonianMercury_0004	1809	05	22	Caledonian Mercury	1809.05.22_CaledonianMercury_0004
621	975	992	1809	06	12	Caledonian Mercury	1809.06.12_CaledonianMercury_0004	1809	05	29	Caledonian Mercury	1809.05.29_CaledonianMercury_0004
239	334	344	1809	06	13	Hull Packet	1809.06.13_TheHullPacketandOriginalWeeklyCommercialLiteraryandGeneralAdvertiser_0002	1809	05	30	Hull Packet	1809.05.30_TheHullPacketandOriginalWeeklyCommercialLiteraryandGeneralAdvertiser_0001
235	384	379	1809	06	14	Aberdeen Journal	1809.06.14_TheAberdeenJournal_0001	1809	05	03	Aberdeen Journal	1809.05.03_TheAberdeenJournal_0001
641	894	887	1809	06	14	Aberdeen Journal	1809.06.14_TheAberdeenJournal_0001	1809	05	17	Aberdeen Journal	1809.05.17_TheAberdeenJournal_0001
533	787	780	1809	06	14	Aberdeen Journal	1809.06.14_TheAberdeenJournal_0001	1809	05	24	Aberdeen Journal	1809.05.24_TheAberdeenJournal_0001
350	487	486	1809	06	14	Aberdeen Journal	1809.06.14_TheAberdeenJournal_0001	1809	05	24	Aberdeen Journal	1809.05.24_TheAberdeenJournal_0004
1016	1439	1446	1809	06	14	Aberdeen Journal	1809.06.14_TheAberdeenJournal_0001	1809	05	31	Aberdeen Journal	1809.05.31_TheAberdeenJournal_0001
292	390	392	1809	06	14	Aberdeen Journal	1809.06.14_TheAberdeenJournal_0002	1809	05	15	Caledonian Mercury	1809.05.15_CaledonianMercury_0001
261	380	387	1809	06	14	Aberdeen Journal	1809.06.14_TheAberdeenJournal_0002	1809	05	17	Aberdeen Journal	1809.05.17_TheAberdeenJournal_0001
414	580	591	1809	06	14	Aberdeen Journal	1809.06.14_TheAberdeenJournal_0002	1809	05	17	Aberdeen Journal	1809.05.17_TheAberdeenJournal_0003
360	488	469	1809	06	14	Aberdeen Journal	1809.06.14_TheAberdeenJournal_0002	1809	05	20	Caledonian Mercury	1809.05.20_CaledonianMercury_0001
334	475	465	1809	06	14	Aberdeen Journal	1809.06.14_TheAberdeenJournal_0002	1809	05	24	Aberdeen Journal	1809.05.24_TheAberdeenJournal_0002
293	411	393	1809	06	14	Aberdeen Journal	1809.06.14_TheAberdeenJournal_0002	1809	05	25	Caledonian Mercury	1809.05.25_CaledonianMercury_0001
416	582	568	1809	06	14	Aberdeen Journal	1809.06.14_TheAberdeenJournal_0002	1809	05	29	Caledonian Mercury	1809.05.29_CaledonianMercury_0001
636	832	841	1809	06	14	Aberdeen Journal	1809.06.14_TheAberdeenJournal_0002	1809	05	31	Aberdeen Journal	1809.05.31_TheAberdeenJournal_0002
250	424	435	1809	06	15	Caledonian Mercury	1809.06.15_CaledonianMercury_0001	1809	05	11	Caledonian Mercury	1809.05.11_CaledonianMercury_0001
323	436	446	1809	06	15	Caledonian Mercury	1809.06.15_CaledonianMercury_0001	1809	05	15	Caledonian Mercury	1809.05.15_CaledonianMercury_0001
436	598	591	1809	06	15	Caledonian Mercury	1809.06.15_CaledonianMercury_0001	1809	05	20	Caledonian Mercury	1809.05.20_CaledonianMercury_0001
461	686	693	1809	06	15	Caledonian Mercury	1809.06.15_CaledonianMercury_0001	1809	05	25	Caledonian Mercury	1809.05.25_CaledonianMercury_0001
447	605	619	1809	06	15	Caledonian Mercury	1809.06.15_CaledonianMercury_0001	1809	05	29	Caledonian Mercury	1809.05.29_CaledonianMercury_0001
308	503	514	1809	06	15	Derby Mercury	1809.06.15_TheDerbyMercury_0004	1809	05	04	Derby Mercury	1809.05.04_TheDerbyMercury_0004
296	492	492	1809	06	15	Derby Mercury	1809.06.15_TheDerbyMercury_0004	1809	05	11	Derby Mercury	1809.05.11_TheDerbyMercury_0004
535	901	901	1809	06	15	Derby Mercury	1809.06.15_TheDerbyMercury_0004	1809	05	18	Derby Mercury	1809.05.18_TheDerbyMercury_0004
378	653	646	1809	06	15	Derby Mercury	1809.06.15_TheDerbyMercury_0004	1809	05	25	Derby Mercury	1809.05.25_TheDerbyMercury_0004
202	313	311	1809	06	15	Trewman’s Exeter Flying Post	1809.06.15_Trewman'sExeterFlyingPostorPlymouthandCornishAdvertiser_0001	1809	05	25	Trewman’s Exeter Flying Post	1809.05.25_Trewman'sExeterFlyingPostorPlymouthandCornishAdvertiser_0004
441	730	712	1809	06	15	Trewman’s Exeter Flying Post	1809.06.15_Trewman'sExeterFlyingPostorPlymouthandCornishAdvertiser_0002	1809	05	04	Trewman’s Exeter Flying Post	1809.05.04_Trewman'sExeterFlyingPostorPlymouthandCornishAdvertiser_0002
509	782	771	1809	06	15	Trewman’s Exeter Flying Post	1809.06.15_Trewman'sExeterFlyingPostorPlymouthandCornishAdvertiser_0002	1809	05	11	Trewman’s Exeter Flying Post	1809.05.11_Trewman'sExeterFlyingPostorPlymouthandCornishAdvertiser_0003
244	385	387	1809	06	15	Trewman’s Exeter Flying Post	1809.06.15_Trewman'sExeterFlyingPostorPlymouthandCornishAdvertiser_0002	1809	05	18	Trewman’s Exeter Flying Post	1809.05.18_Trewman'sExeterFlyingPostorPlymouthandCornishAdvertiser_0002
430	646	647	1809	06	15	Trewman’s Exeter Flying Post	1809.06.15_Trewman'sExeterFlyingPostorPlymouthandCornishAdvertiser_0002	1809	05	18	Trewman’s Exeter Flying Post	1809.05.18_Trewman'sExeterFlyingPostorPlymouthandCornishAdvertiser_0003
1429	2143	2188	1809	06	15	Trewman’s Exeter Flying Post	1809.06.15_Trewman'sExeterFlyingPostorPlymouthandCornishAdvertiser_0002	1809	05	25	Trewman’s Exeter Flying Post	1809.05.25_Trewman'sExeterFlyingPostorPlymouthandCornishAdvertiser_0002
383	619	618	1809	06	15	Trewman’s Exeter Flying Post	1809.06.15_Trewman'sExeterFlyingPostorPlymouthandCornishAdvertiser_0003	1809	05	04	Trewman’s Exeter Flying Post	1809.05.04_Trewman'sExeterFlyingPostorPlymouthandCornishAdvertiser_0003
249	392	376	1809	06	15	Trewman’s Exeter Flying Post	1809.06.15_Trewman'sExeterFlyingPostorPlymouthandCornishAdvertiser_0003	1809	05	11	Trewman’s Exeter Flying Post	1809.05.11_Trewman'sExeterFlyingPostorPlymouthandCornishAdvertiser_0003
436	706	704	1809	06	15	Trewman’s Exeter Flying Post	1809.06.15_Trewman'sExeterFlyingPostorPlymouthandCornishAdvertiser_0003	1809	05	18	Trewman’s Exeter Flying Post	1809.05.18_Trewman'sExeterFlyingPostorPlymouthandCornishAdvertiser_0002
335	504	500	1809	06	15	Trewman’s Exeter Flying Post	1809.06.15_Trewman'sExeterFlyingPostorPlymouthandCornishAdvertiser_0003	1809	05	18	Trewman’s Exeter Flying Post	1809.05.18_Trewman'sExeterFlyingPostorPlymouthandCornishAdvertiser_0003
572	928	892	1809	06	15	Trewman’s Exeter Flying Post	1809.06.15_Trewman'sExeterFlyingPostorPlymouthandCornishAdvertiser_0003	1809	05	25	Trewman’s Exeter Flying Post	1809.05.25_Trewman'sExeterFlyingPostorPlymouthandCornishAdvertiser_0001
336	509	504	1809	06	15	Trewman’s Exeter Flying Post	1809.06.15_Trewman'sExeterFlyingPostorPlymouthandCornishAdvertiser_0003	1809	05	25	Trewman’s Exeter Flying Post	1809.05.25_Trewman'sExeterFlyingPostorPlymouthandCornishAdvertiser_0002
228	370	371	1809	06	15	Trewman’s Exeter Flying Post	1809.06.15_Trewman'sExeterFlyingPostorPlymouthandCornishAdvertiser_0003	1809	05	25	Trewman’s Exeter Flying Post	1809.05.25_Trewman'sExeterFlyingPostorPlymouthandCornishAdvertiser_0003
558	852	842	1809	06	17	Caledonian Mercury	1809.06.17_CaledonianMercury_0004	1809	05	20	Caledonian Mercury	1809.05.20_CaledonianMercury_0004
744	1073	1071	1809	06	17	Caledonian Mercury	1809.06.17_CaledonianMercury_0004	1809	05	27	Caledonian Mercury	1809.05.27_CaledonianMercury_0004
384	597	588	1809	06	17	Jackson’s Oxford Journal	1809.06.17_Jackson'sOxfordJournal_0001	1809	05	06	Jackson’s Oxford Journal	1809.05.06_Jackson'sOxfordJournal_0001
267	406	407	1809	06	17	Jackson’s Oxford Journal	1809.06.17_Jackson'sOxfordJournal_0001	1809	05	13	Jackson’s Oxford Journal	1809.05.13_Jackson'sOxfordJournal_0001
256	407	403	1809	06	17	Jackson’s Oxford Journal	1809.06.17_Jackson'sOxfordJournal_0001	1809	05	13	Jackson’s Oxford Journal	1809.05.13_Jackson'sOxfordJournal_0002
437	664	669	1809	06	17	Jackson’s Oxford Journal	1809.06.17_Jackson'sOxfordJournal_0001	1809	05	20	Jackson’s Oxford Journal	1809.05.20_Jackson'sOxfordJournal_0001
345	498	501	1809	06	17	Jackson’s Oxford Journal	1809.06.17_Jackson'sOxfordJournal_0001	1809	05	20	Jackson’s Oxford Journal	1809.05.20_Jackson'sOxfordJournal_0003
576	829	820	1809	06	17	Jackson’s Oxford Journal	1809.06.17_Jackson'sOxfordJournal_0001	1809	05	27	Jackson’s Oxford Journal	1809.05.27_Jackson'sOxfordJournal_0001
240	334	334	1809	06	17	Jackson’s Oxford Journal	1809.06.17_Jackson'sOxfordJournal_0003	1809	05	06	Jackson’s Oxford Journal	1809.05.06_Jackson'sOxfordJournal_0003
225	334	348	1809	06	17	Jackson’s Oxford Journal	1809.06.17_Jackson'sOxfordJournal_0003	1809	05	13	Jackson’s Oxford Journal	1809.05.13_Jackson'sOxfordJournal_0003
208	300	302	1809	06	17	Jackson’s Oxford Journal	1809.06.17_Jackson'sOxfordJournal_0003	1809	05	20	Jackson’s Oxford Journal	1809.05.20_Jackson'sOxfordJournal_0003
375	625	595	1809	06	17	Jackson’s Oxford Journal	1809.06.17_Jackson'sOxfordJournal_0004	1809	05	06	Jackson’s Oxford Journal	1809.05.06_Jackson'sOxfordJournal_0004
360	525	558	1809	06	17	Jackson’s Oxford Journal	1809.06.17_Jackson'sOxfordJournal_0004	1809	05	20	Jackson’s Oxford Journal	1809.05.20_Jackson'sOxfordJournal_0004
379	653	665	1809	06	19	Caledonian Mercury	1809.06.19_CaledonianMercury_0001	1809	05	22	Caledonian Mercury	1809.05.22_CaledonianMercury_0001
230	342	337	1809	06	19	Caledonian Mercury	1809.06.19_CaledonianMercury_0004	1809	05	18	Caledonian Mercury	1809.05.18_CaledonianMercury_0004
227	334	346	1809	06	19	Caledonian Mercury	1809.06.19_CaledonianMercury_0004	1809	05	27	Caledonian Mercury	1809.05.27_CaledonianMercury_0004
579	862	848	1809	06	19	Caledonian Mercury	1809.06.19_CaledonianMercury_0004	1809	05	29	Caledonian Mercury	1809.05.29_CaledonianMercury_0004
431	632	624	1809	06	21	Aberdeen Journal	1809.06.21_TheAberdeenJournal_0001	1809	05	17	Aberdeen Journal	1809.05.17_TheAberdeenJournal_0001
238	344	346	1809	06	21	Aberdeen Journal	1809.06.21_TheAberdeenJournal_0001	1809	05	24	Aberdeen Journal	1809.05.24_TheAberdeenJournal_0001
332	467	468	1809	06	21	Aberdeen Journal	1809.06.21_TheAberdeenJournal_0001	1809	05	24	Aberdeen Journal	1809.05.24_TheAberdeenJournal_0004
644	932	936	1809	06	21	Aberdeen Journal	1809.06.21_TheAberdeenJournal_0001	1809	05	31	Aberdeen Journal	1809.05.31_TheAberdeenJournal_0001
356	502	462	1809	06	21	Aberdeen Journal	1809.06.21_TheAberdeenJournal_0002	1809	05	10	Aberdeen Journal	1809.05.10_TheAberdeenJournal_0002
222	348	339	1809	06	21	Aberdeen Journal	1809.06.21_TheAberdeenJournal_0002	1809	05	17	Aberdeen Journal	1809.05.17_TheAberdeenJournal_0001
226	347	334	1809	06	21	Aberdeen Journal	1809.06.21_TheAberdeenJournal_0002	1809	05	20	Caledonian Mercury	1809.05.20_CaledonianMercury_0001
634	891	855	1809	06	21	Aberdeen Journal	1809.06.21_TheAberdeenJournal_0002	1809	05	24	Aberdeen Journal	1809.05.24_TheAberdeenJournal_0002
375	526	513	1809	06	21	Aberdeen Journal	1809.06.21_TheAberdeenJournal_0002	1809	05	24	Aberdeen Journal	1809.05.24_TheAberdeenJournal_0004
249	395	384	1809	06	21	Aberdeen Journal	1809.06.21_TheAberdeenJournal_0002	1809	05	29	Caledonian Mercury	1809.05.29_CaledonianMercury_0001
363	500	487	1809	06	21	Aberdeen Journal	1809.06.21_TheAberdeenJournal_0002	1809	05	31	Aberdeen Journal	1809.05.31_TheAberdeenJournal_0002
209	333	330	1809	06	21	Aberdeen Journal	1809.06.21_TheAberdeenJournal_0004	1809	05	31	Aberdeen Journal	1809.05.31_TheAberdeenJournal_0001
227	357	358	1809	06	22	Caledonian Mercury	1809.06.22_CaledonianMercury_0001	1809	05	11	Caledonian Mercury	1809.05.11_CaledonianMercury_0001
356	487	483	1809	06	22	Caledonian Mercury	1809.06.22_CaledonianMercury_0001	1809	05	15	Caledonian Mercury	1809.05.15_CaledonianMercury_0001
468	649	627	1809	06	22	Caledonian Mercury	1809.06.22_CaledonianMercury_0001	1809	05	20	Caledonian Mercury	1809.05.20_CaledonianMercury_0001
415	615	593	1809	06	22	Caledonian Mercury	1809.06.22_CaledonianMercury_0001	1809	05	25	Caledonian Mercury	1809.05.25_CaledonianMercury_0001
394	529	533	1809	06	22	Caledonian Mercury	1809.06.22_CaledonianMercury_0001	1809	05	29	Caledonian Mercury	1809.05.29_CaledonianMercury_0001
238	339	332	1809	06	22	Caledonian Mercury	1809.06.22_CaledonianMercury_0004	1809	05	25	Caledonian Mercury	1809.05.25_CaledonianMercury_0004
215	392	390	1809	06	22	Derby Mercury	1809.06.22_TheDerbyMercury_0004	1809	05	04	Derby Mercury	1809.05.04_TheDerbyMercury_0004
201	345	341	1809	06	22	Derby Mercury	1809.06.22_TheDerbyMercury_0004	1809	05	18	Derby Mercury	1809.05.18_TheDerbyMercury_0004
288	519	519	1809	06	22	Derby Mercury	1809.06.22_TheDerbyMercury_0004	1809	05	25	Derby Mercury	1809.05.25_TheDerbyMercury_0004
344	495	511	1809	06	22	Trewman’s Exeter Flying Post	1809.06.22_Trewman'sExeterFlyingPostorPlymouthandCornishAdvertiser_0002	1809	05	25	Trewman’s Exeter Flying Post	1809.05.25_Trewman'sExeterFlyingPostorPlymouthandCornishAdvertiser_0002
277	457	438	1809	06	22	Trewman’s Exeter Flying Post	1809.06.22_Trewman'sExeterFlyingPostorPlymouthandCornishAdvertiser_0003	1809	05	04	Trewman’s Exeter Flying Post	1809.05.04_Trewman'sExeterFlyingPostorPlymouthandCornishAdvertiser_0002
895	1392	1376	1809	06	22	Trewman’s Exeter Flying Post	1809.06.22_Trewman'sExeterFlyingPostorPlymouthandCornishAdvertiser_0003	1809	05	11	Trewman’s Exeter Flying Post	1809.05.11_Trewman'sExeterFlyingPostorPlymouthandCornishAdvertiser_0003
509	780	776	1809	06	22	Trewman’s Exeter Flying Post	1809.06.22_Trewman'sExeterFlyingPostorPlymouthandCornishAdvertiser_0003	1809	05	18	Trewman’s Exeter Flying Post	1809.05.18_Trewman'sExeterFlyingPostorPlymouthandCornishAdvertiser_0003
762	1212	1238	1809	06	22	Trewman’s Exeter Flying Post	1809.06.22_Trewman'sExeterFlyingPostorPlymouthandCornishAdvertiser_0003	1809	05	25	Trewman’s Exeter Flying Post	1809.05.25_Trewman'sExeterFlyingPostorPlymouthandCornishAdvertiser_0002
650	911	910	1809	06	22	Trewman’s Exeter Flying Post	1809.06.22_Trewman'sExeterFlyingPostorPlymouthandCornishAdvertiser_0003	1809	05	25	Trewman’s Exeter Flying Post	1809.05.25_Trewman'sExeterFlyingPostorPlymouthandCornishAdvertiser_0003
230	368	357	1809	06	24	Caledonian Mercury	1809.06.24_CaledonianMercury_0004	1809	05	20	Caledonian Mercury	1809.05.20_CaledonianMercury_0004
443	636	641	1809	06	24	Caledonian Mercury	1809.06.24_CaledonianMercury_0004	1809	05	27	Caledonian Mercury	1809.05.27_CaledonianMercury_0004
361	519	508	1809	06	24	Jackson’s Oxford Journal	1809.06.24_Jackson'sOxfordJournal_0001	1809	05	06	Jackson’s Oxford Journal	1809.05.06_Jackson'sOxfordJournal_0001
380	521	518	1809	06	24	Jackson’s Oxford Journal	1809.06.24_Jackson'sOxfordJournal_0001	1809	05	13	Jackson’s Oxford Journal	1809.05.13_Jackson'sOxfordJournal_0001
301	413	417	1809	06	24	Jackson’s Oxford Journal	1809.06.24_Jackson'sOxfordJournal_0001	1809	05	13	Jackson’s Oxford Journal	1809.05.13_Jackson'sOxfordJournal_0002
608	838	845	1809	06	24	Jackson’s Oxford Journal	1809.06.24_Jackson'sOxfordJournal_0001	1809	05	20	Jackson’s Oxford Journal	1809.05.20_Jackson'sOxfordJournal_0001
226	315	322	1809	06	24	Jackson’s Oxford Journal	1809.06.24_Jackson'sOxfordJournal_0001	1809	05	20	Jackson’s Oxford Journal	1809.05.20_Jackson'sOxfordJournal_0003
586	786	779	1809	06	24	Jackson’s Oxford Journal	1809.06.24_Jackson'sOxfordJournal_0001	1809	05	27	Jackson’s Oxford Journal	1809.05.27_Jackson'sOxfordJournal_0001
245	357	353	1809	06	24	Jackson’s Oxford Journal	1809.06.24_Jackson'sOxfordJournal_0004	1809	05	06	Jackson’s Oxford Journal	1809.05.06_Jackson'sOxfordJournal_0004
233	347	358	1809	06	24	Jackson’s Oxford Journal	1809.06.24_Jackson'sOxfordJournal_0004	1809	05	13	Jackson’s Oxford Journal	1809.05.13_Jackson'sOxfordJournal_0001
299	433	441	1809	06	24	Jackson’s Oxford Journal	1809.06.24_Jackson'sOxfordJournal_0004	1809	05	20	Jackson’s Oxford Journal	1809.05.20_Jackson'sOxfordJournal_0001
223	342	341	1809	06	24	Jackson’s Oxford Journal	1809.06.24_Jackson'sOxfordJournal_0004	1809	05	27	Jackson’s Oxford Journal	1809.05.27_Jackson'sOxfordJournal_0004
417	665	632	1809	06	26	Caledonian Mercury	1809.06.26_CaledonianMercury_0004	1809	05	01	Caledonian Mercury	1809.05.01_CaledonianMercury_0004
495	725	750	1809	06	26	Caledonian Mercury	1809.06.26_CaledonianMercury_0004	1809	05	15	Caledonian Mercury	1809.05.15_CaledonianMercury_0004
725	1039	977	1809	06	26	Caledonian Mercury	1809.06.26_CaledonianMercury_0004	1809	05	29	Caledonian Mercury	1809.05.29_CaledonianMercury_0004
207	267	255	1809	06	28	Aberdeen Journal	1809.06.28_TheAberdeenJournal_0001	1809	05	10	Aberdeen Journal	1809.05.10_TheAberdeenJournal_0003
815	1105	1087	1809	06	28	Aberdeen Journal	1809.06.28_TheAberdeenJournal_0001	1809	05	17	Aberdeen Journal	1809.05.17_TheAberdeenJournal_0001
423	561	564	1809	06	28	Aberdeen Journal	1809.06.28_TheAberdeenJournal_0001	1809	05	24	Aberdeen Journal	1809.05.24_TheAberdeenJournal_0001
408	527	503	1809	06	28	Aberdeen Journal	1809.06.28_TheAberdeenJournal_0001	1809	05	24	Aberdeen Journal	1809.05.24_TheAberdeenJournal_0002
788	1075	1078	1809	06	28	Aberdeen Journal	1809.06.28_TheAberdeenJournal_0001	1809	05	31	Aberdeen Journal	1809.05.31_TheAberdeenJournal_0001
283	449	458	1809	06	28	Aberdeen Journal	1809.06.28_TheAberdeenJournal_0002	1809	05	17	Aberdeen Journal	1809.05.17_TheAberdeenJournal_0003
320	512	485	1809	06	28	Aberdeen Journal	1809.06.28_TheAberdeenJournal_0002	1809	05	31	Aberdeen Journal	1809.05.31_TheAberdeenJournal_0002
200	328	327	1809	06	29	Caledonian Mercury	1809.06.29_CaledonianMercury_0001	1809	05	01	Caledonian Mercury	1809.05.01_CaledonianMercury_0001
222	369	373	1809	06	29	Caledonian Mercury	1809.06.29_CaledonianMercury_0001	1809	05	11	Caledonian Mercury	1809.05.11_CaledonianMercury_0001
321	459	469	1809	06	29	Caledonian Mercury	1809.06.29_CaledonianMercury_0001	1809	05	15	Caledonian Mercury	1809.05.15_CaledonianMercury_0001
388	543	536	1809	06	29	Caledonian Mercury	1809.06.29_CaledonianMercury_0001	1809	05	20	Caledonian Mercury	1809.05.20_CaledonianMercury_0001
320	475	465	1809	06	29	Caledonian Mercury	1809.06.29_CaledonianMercury_0001	1809	05	25	Caledonian Mercury	1809.05.25_CaledonianMercury_0001
385	542	543	1809	06	29	Caledonian Mercury	1809.06.29_CaledonianMercury_0001	1809	05	29	Caledonian Mercury	1809.05.29_CaledonianMercury_0001
654	1027	1045	1809	06	29	Derby Mercury	1809.06.29_TheDerbyMercury_0004	1809	05	04	Derby Mercury	1809.05.04_TheDerbyMercury_0004
420	672	678	1809	06	29	Derby Mercury	1809.06.29_TheDerbyMercury_0004	1809	05	11	Derby Mercury	1809.05.11_TheDerbyMercury_0004
437	703	693	1809	06	29	Derby Mercury	1809.06.29_TheDerbyMercury_0004	1809	05	18	Derby Mercury	1809.05.18_TheDerbyMercury_0004
358	558	552	1809	06	29	Derby Mercury	1809.06.29_TheDerbyMercury_0004	1809	05	25	Derby Mercury	1809.05.25_TheDerbyMercury_0004
313	521	494	1809	06	29	Trewman’s Exeter Flying Post	1809.06.29_Trewman'sExeterFlyingPostorPlymouthandCornishAdvertiser_0002	1809	05	04	Trewman’s Exeter Flying Post	1809.05.04_Trewman'sExeterFlyingPostorPlymouthandCornishAdvertiser_0002
406	634	617	1809	06	29	Trewman’s Exeter Flying Post	1809.06.29_Trewman'sExeterFlyingPostorPlymouthandCornishAdvertiser_0002	1809	05	11	Trewman’s Exeter Flying Post	1809.05.11_Trewman'sExeterFlyingPostorPlymouthandCornishAdvertiser_0003
404	623	618	1809	06	29	Trewman’s Exeter Flying Post	1809.06.29_Trewman'sExeterFlyingPostorPlymouthandCornishAdvertiser_0002	1809	05	18	Trewman’s Exeter Flying Post	1809.05.18_Trewman'sExeterFlyingPostorPlymouthandCornishAdvertiser_0003
451	748	740	1809	06	29	Trewman’s Exeter Flying Post	1809.06.29_Trewman'sExeterFlyingPostorPlymouthandCornishAdvertiser_0002	1809	05	25	Trewman’s Exeter Flying Post	1809.05.25_Trewman'sExeterFlyingPostorPlymouthandCornishAdvertiser_0002
592	975	968	1809	06	29	Trewman’s Exeter Flying Post	1809.06.29_Trewman'sExeterFlyingPostorPlymouthandCornishAdvertiser_0003	1809	05	04	Trewman’s Exeter Flying Post	1809.05.04_Trewman'sExeterFlyingPostorPlymouthandCornishAdvertiser_0003
425	611	634	1809	06	29	Trewman’s Exeter Flying Post	1809.06.29_Trewman'sExeterFlyingPostorPlymouthandCornishAdvertiser_0003	1809	05	25	Trewman’s Exeter Flying Post	1809.05.25_Trewman'sExeterFlyingPostorPlymouthandCornishAdvertiser_0002
399	570	597	1809	07	01	Caledonian Mercury	1809.07.01_CaledonianMercury_0004	1809	05	20	Caledonian Mercury	1809.05.20_CaledonianMercury_0004
515	764	783	1809	07	01	Caledonian Mercury	1809.07.01_CaledonianMercury_0004	1809	05	27	Caledonian Mercury	1809.05.27_CaledonianMercury_0004
242	371	352	1809	07	01	Jackson’s Oxford Journal	1809.07.01_Jackson'sOxfordJournal_0002	1809	05	06	Jackson’s Oxford Journal	1809.05.06_Jackson'sOxfordJournal_0001
201	332	327	1809	07	01	Jackson’s Oxford Journal	1809.07.01_Jackson'sOxfordJournal_0002	1809	05	13	Jackson’s Oxford Journal	1809.05.13_Jackson'sOxfordJournal_0002
201	324	320	1809	07	01	Jackson’s Oxford Journal	1809.07.01_Jackson'sOxfordJournal_0002	1809	05	20	Jackson’s Oxford Journal	1809.05.20_Jackson'sOxfordJournal_0002
278	402	377	1809	07	01	Jackson’s Oxford Journal	1809.07.01_Jackson'sOxfordJournal_0002	1809	05	20	Jackson’s Oxford Journal	1809.05.20_Jackson'sOxfordJournal_0003
283	417	410	1809	07	01	Jackson’s Oxford Journal	1809.07.01_Jackson'sOxfordJournal_0004	1809	05	06	Jackson’s Oxford Journal	1809.05.06_Jackson'sOxfordJournal_0001
552	921	874	1809	07	01	Jackson’s Oxford Journal	1809.07.01_Jackson'sOxfordJournal_0004	1809	05	06	Jackson’s Oxford Journal	1809.05.06_Jackson'sOxfordJournal_0004
277	438	462	1809	07	01	Jackson’s Oxford Journal	1809.07.01_Jackson'sOxfordJournal_0004	1809	05	13	Jackson’s Oxford Journal	1809.05.13_Jackson'sOxfordJournal_0001
265	411	416	1809	07	01	Jackson’s Oxford Journal	1809.07.01_Jackson'sOxfordJournal_0004	1809	05	20	Jackson’s Oxford Journal	1809.05.20_Jackson'sOxfordJournal_0001
402	625	635	1809	07	03	Caledonian Mercury	1809.07.03_CaledonianMercury_0004	1809	05	29	Caledonian Mercury	1809.05.29_CaledonianMercury_0004
388	523	531	1809	07	05	Aberdeen Journal	1809.07.05_TheAberdeenJournal_0001	1809	05	17	Aberdeen Journal	1809.05.17_TheAberdeenJournal_0001
329	446	455	1809	07	05	Aberdeen Journal	1809.07.05_TheAberdeenJournal_0001	1809	05	24	Aberdeen Journal	1809.05.24_TheAberdeenJournal_0001
363	483	498	1809	07	05	Aberdeen Journal	1809.07.05_TheAberdeenJournal_0001	1809	05	31	Aberdeen Journal	1809.05.31_TheAberdeenJournal_0001
394	523	512	1809	07	05	Aberdeen Journal	1809.07.05_TheAberdeenJournal_0002	1809	05	10	Aberdeen Journal	1809.05.10_TheAberdeenJournal_0002
596	770	770	1809	07	05	Aberdeen Journal	1809.07.05_TheAberdeenJournal_0002	1809	05	24	Aberdeen Journal	1809.05.24_TheAberdeenJournal_0002
437	562	568	1809	07	05	Aberdeen Journal	1809.07.05_TheAberdeenJournal_0002	1809	05	24	Aberdeen Journal	1809.05.24_TheAberdeenJournal_0004
449	577	575	1809	07	05	Aberdeen Journal	1809.07.05_TheAberdeenJournal_0002	1809	05	31	Aberdeen Journal	1809.05.31_TheAberdeenJournal_0002
260	408	413	1809	07	06	Caledonian Mercury	1809.07.06_CaledonianMercury_0001	1809	05	15	Caledonian Mercury	1809.05.15_CaledonianMercury_0001
324	469	467	1809	07	06	Caledonian Mercury	1809.07.06_CaledonianMercury_0001	1809	05	20	Caledonian Mercury	1809.05.20_CaledonianMercury_0001
290	437	443	1809	07	06	Caledonian Mercury	1809.07.06_CaledonianMercury_0001	1809	05	25	Caledonian Mercury	1809.05.25_CaledonianMercury_0001
324	423	445	1809	07	06	Caledonian Mercury	1809.07.06_CaledonianMercury_0001	1809	05	29	Caledonian Mercury	1809.05.29_CaledonianMercury_0001
432	687	699	1809	07	06	Derby Mercury	1809.07.06_TheDerbyMercury_0004	1809	05	04	Derby Mercury	1809.05.04_TheDerbyMercury_0004
493	805	793	1809	07	06	Derby Mercury	1809.07.06_TheDerbyMercury_0004	1809	05	11	Derby Mercury	1809.05.11_TheDerbyMercury_0004
400	644	641	1809	07	06	Derby Mercury	1809.07.06_TheDerbyMercury_0004	1809	05	18	Derby Mercury	1809.05.18_TheDerbyMercury_0004
332	519	518	1809	07	06	Derby Mercury	1809.07.06_TheDerbyMercury_0004	1809	05	25	Derby Mercury	1809.05.25_TheDerbyMercury_0004
282	449	430	1809	07	06	Trewman’s Exeter Flying Post	1809.07.06_Trewman'sExeterFlyingPostorPlymouthandCornishAdvertiser_0002	1809	05	04	Trewman’s Exeter Flying Post	1809.05.04_Trewman'sExeterFlyingPostorPlymouthandCornishAdvertiser_0002
660	1030	997	1809	07	06	Trewman’s Exeter Flying Post	1809.07.06_Trewman'sExeterFlyingPostorPlymouthandCornishAdvertiser_0002	1809	05	11	Trewman’s Exeter Flying Post	1809.05.11_Trewman'sExeterFlyingPostorPlymouthandCornishAdvertiser_0003
343	503	496	1809	07	06	Trewman’s Exeter Flying Post	1809.07.06_Trewman'sExeterFlyingPostorPlymouthandCornishAdvertiser_0002	1809	05	18	Trewman’s Exeter Flying Post	1809.05.18_Trewman'sExeterFlyingPostorPlymouthandCornishAdvertiser_0003
533	813	813	1809	07	06	Trewman’s Exeter Flying Post	1809.07.06_Trewman'sExeterFlyingPostorPlymouthandCornishAdvertiser_0002	1809	05	25	Trewman’s Exeter Flying Post	1809.05.25_Trewman'sExeterFlyingPostorPlymouthandCornishAdvertiser_0002
598	930	922	1809	07	06	Trewman’s Exeter Flying Post	1809.07.06_Trewman'sExeterFlyingPostorPlymouthandCornishAdvertiser_0003	1809	05	11	Trewman’s Exeter Flying Post	1809.05.11_Trewman'sExeterFlyingPostorPlymouthandCornishAdvertiser_0003
328	526	513	1809	07	06	Trewman’s Exeter Flying Post	1809.07.06_Trewman'sExeterFlyingPostorPlymouthandCornishAdvertiser_0003	1809	05	25	Trewman’s Exeter Flying Post	1809.05.25_Trewman'sExeterFlyingPostorPlymouthandCornishAdvertiser_0003
268	414	413	1809	07	08	Caledonian Mercury	1809.07.08_CaledonianMercury_0004	1809	05	27	Caledonian Mercury	1809.05.27_CaledonianMercury_0004
230	383	364	1809	07	12	Aberdeen Journal	1809.07.12_TheAberdeenJournal_0001	1809	05	17	Aberdeen Journal	1809.05.17_TheAberdeenJournal_0003
363	490	488	1809	07	12	Aberdeen Journal	1809.07.12_TheAberdeenJournal_0001	1809	05	24	Aberdeen Journal	1809.05.24_TheAberdeenJournal_0004
586	864	837	1809	07	12	Aberdeen Journal	1809.07.12_TheAberdeenJournal_0001	1809	05	31	Aberdeen Journal	1809.05.31_TheAberdeenJournal_0002
254	400	404	1809	07	12	Aberdeen Journal	1809.07.12_TheAberdeenJournal_0004	1809	05	31	Aberdeen Journal	1809.05.31_TheAberdeenJournal_0001
213	345	339	1809	07	13	Caledonian Mercury	1809.07.13_CaledonianMercury_0004	1809	05	29	Caledonian Mercury	1809.05.29_CaledonianMercury_0004
469	755	765	1809	07	13	Derby Mercury	1809.07.13_TheDerbyMercury_0004	1809	05	04	Derby Mercury	1809.05.04_TheDerbyMercury_0004
208	342	347	1809	07	13	Derby Mercury	1809.07.13_TheDerbyMercury_0004	1809	05	18	Derby Mercury	1809.05.18_TheDerbyMercury_0004
261	439	437	1809	07	13	Derby Mercury	1809.07.13_TheDerbyMercury_0004	1809	05	25	Derby Mercury	1809.05.25_TheDerbyMercury_0004
289	486	482	1809	07	13	Trewman’s Exeter Flying Post	1809.07.13_Trewman'sExeterFlyingPostorPlymouthandCornishAdvertiser_0002	1809	05	04	Trewman’s Exeter Flying Post	1809.05.04_Trewman'sExeterFlyingPostorPlymouthandCornishAdvertiser_0003
295	483	470	1809	07	13	Trewman’s Exeter Flying Post	1809.07.13_Trewman'sExeterFlyingPostorPlymouthandCornishAdvertiser_0002	1809	05	18	Trewman’s Exeter Flying Post	1809.05.18_Trewman'sExeterFlyingPostorPlymouthandCornishAdvertiser_0002
248	353	353	1809	07	13	Trewman’s Exeter Flying Post	1809.07.13_Trewman'sExeterFlyingPostorPlymouthandCornishAdvertiser_0002	1809	05	18	Trewman’s Exeter Flying Post	1809.05.18_Trewman'sExeterFlyingPostorPlymouthandCornishAdvertiser_0003
334	513	492	1809	07	13	Trewman’s Exeter Flying Post	1809.07.13_Trewman'sExeterFlyingPostorPlymouthandCornishAdvertiser_0003	1809	05	04	Trewman’s Exeter Flying Post	1809.05.04_Trewman'sExeterFlyingPostorPlymouthandCornishAdvertiser_0002
531	787	770	1809	07	13	Trewman’s Exeter Flying Post	1809.07.13_Trewman'sExeterFlyingPostorPlymouthandCornishAdvertiser_0003	1809	05	11	Trewman’s Exeter Flying Post	1809.05.11_Trewman'sExeterFlyingPostorPlymouthandCornishAdvertiser_0003
464	674	664	1809	07	13	Trewman’s Exeter Flying Post	1809.07.13_Trewman'sExeterFlyingPostorPlymouthandCornishAdvertiser_0003	1809	05	18	Trewman’s Exeter Flying Post	1809.05.18_Trewman'sExeterFlyingPostorPlymouthandCornishAdvertiser_0003
492	769	757	1809	07	13	Trewman’s Exeter Flying Post	1809.07.13_Trewman'sExeterFlyingPostorPlymouthandCornishAdvertiser_0003	1809	05	25	Trewman’s Exeter Flying Post	1809.05.25_Trewman'sExeterFlyingPostorPlymouthandCornishAdvertiser_0002
273	378	381	1809	07	15	Jackson’s Oxford Journal	1809.07.15_Jackson'sOxfordJournal_0001	1809	05	06	Jackson’s Oxford Journal	1809.05.06_Jackson'sOxfordJournal_0001
324	452	457	1809	07	15	Jackson’s Oxford Journal	1809.07.15_Jackson'sOxfordJournal_0001	1809	05	20	Jackson’s Oxford Journal	1809.05.20_Jackson'sOxfordJournal_0003
214	349	346	1809	07	15	Jackson’s Oxford Journal	1809.07.15_Jackson'sOxfordJournal_0002	1809	05	13	Jackson’s Oxford Journal	1809.05.13_Jackson'sOxfordJournal_0002
248	382	390	1809	07	15	Jackson’s Oxford Journal	1809.07.15_Jackson'sOxfordJournal_0002	1809	05	20	Jackson’s Oxford Journal	1809.05.20_Jackson'sOxfordJournal_0001
252	400	417	1809	07	15	Jackson’s Oxford Journal	1809.07.15_Jackson'sOxfordJournal_0002	1809	05	20	Jackson’s Oxford Journal	1809.05.20_Jackson'sOxfordJournal_0002
226	338	311	1809	07	19	Aberdeen Journal	1809.07.19_TheAberdeenJournal_0002	1809	05	10	Aberdeen Journal	1809.05.10_TheAberdeenJournal_0002
344	529	512	1809	07	19	Aberdeen Journal	1809.07.19_TheAberdeenJournal_0002	1809	05	24	Aberdeen Journal	1809.05.24_TheAberdeenJournal_0002
439	559	579	1809	07	19	Aberdeen Journal	1809.07.19_TheAberdeenJournal_0002	1809	05	24	Aberdeen Journal	1809.05.24_TheAberdeenJournal_0004
431	564	574	1809	07	19	Aberdeen Journal	1809.07.19_TheAberdeenJournal_0002	1809	05	31	Aberdeen Journal	1809.05.31_TheAberdeenJournal_0002
270	391	394	1809	07	20	Caledonian Mercury	1809.07.20_CaledonianMercury_0001	1809	05	15	Caledonian Mercury	1809.05.15_CaledonianMercury_0001
320	445	438	1809	07	20	Caledonian Mercury	1809.07.20_CaledonianMercury_0001	1809	05	20	Caledonian Mercury	1809.05.20_CaledonianMercury_0001
279	416	402	1809	07	20	Caledonian Mercury	1809.07.20_CaledonianMercury_0001	1809	05	25	Caledonian Mercury	1809.05.25_CaledonianMercury_0001
330	455	456	1809	07	20	Caledonian Mercury	1809.07.20_CaledonianMercury_0001	1809	05	29	Caledonian Mercury	1809.05.29_CaledonianMercury_0001
277	479	467	1809	07	20	Caledonian Mercury	1809.07.20_CaledonianMercury_0004	1809	05	22	Caledonian Mercury	1809.05.22_CaledonianMercury_0001
523	834	846	1809	07	20	Derby Mercury	1809.07.20_TheDerbyMercury_0004	1809	05	04	Derby Mercury	1809.05.04_TheDerbyMercury_0004
488	776	761	1809	07	20	Derby Mercury	1809.07.20_TheDerbyMercury_0004	1809	05	11	Derby Mercury	1809.05.11_TheDerbyMercury_0004
315	486	497	1809	07	20	Derby Mercury	1809.07.20_TheDerbyMercury_0004	1809	05	11	Trewman’s Exeter Flying Post	1809.05.11_Trewman'sExeterFlyingPostorPlymouthandCornishAdvertiser_0003
566	917	907	1809	07	20	Derby Mercury	1809.07.20_TheDerbyMercury_0004	1809	05	18	Derby Mercury	1809.05.18_TheDerbyMercury_0004
435	681	674	1809	07	20	Derby Mercury	1809.07.20_TheDerbyMercury_0004	1809	05	25	Derby Mercury	1809.05.25_TheDerbyMercury_0004
262	409	412	1809	07	20	Trewman’s Exeter Flying Post	1809.07.20_Trewman'sExeterFlyingPostorPlymouthandCornishAdvertiser_0002	1809	05	25	Trewman’s Exeter Flying Post	1809.05.25_Trewman'sExeterFlyingPostorPlymouthandCornishAdvertiser_0003
323	515	498	1809	07	20	Trewman’s Exeter Flying Post	1809.07.20_Trewman'sExeterFlyingPostorPlymouthandCornishAdvertiser_0003	1809	05	04	Trewman’s Exeter Flying Post	1809.05.04_Trewman'sExeterFlyingPostorPlymouthandCornishAdvertiser_0002
888	1334	1326	1809	07	20	Trewman’s Exeter Flying Post	1809.07.20_Trewman'sExeterFlyingPostorPlymouthandCornishAdvertiser_0003	1809	05	11	Trewman’s Exeter Flying Post	1809.05.11_Trewman'sExeterFlyingPostorPlymouthandCornishAdvertiser_0003
517	755	753	1809	07	20	Trewman’s Exeter Flying Post	1809.07.20_Trewman'sExeterFlyingPostorPlymouthandCornishAdvertiser_0003	1809	05	18	Trewman’s Exeter Flying Post	1809.05.18_Trewman'sExeterFlyingPostorPlymouthandCornishAdvertiser_0003
809	1218	1222	1809	07	20	Trewman’s Exeter Flying Post	1809.07.20_Trewman'sExeterFlyingPostorPlymouthandCornishAdvertiser_0003	1809	05	25	Trewman’s Exeter Flying Post	1809.05.25_Trewman'sExeterFlyingPostorPlymouthandCornishAdvertiser_0002
434	631	633	1809	07	20	Trewman’s Exeter Flying Post	1809.07.20_Trewman'sExeterFlyingPostorPlymouthandCornishAdvertiser_0003	1809	05	25	Trewman’s Exeter Flying Post	1809.05.25_Trewman'sExeterFlyingPostorPlymouthandCornishAdvertiser_0003
245	379	368	1809	07	22	Jackson’s Oxford Journal	1809.07.22_Jackson'sOxfordJournal_0004	1809	05	13	Jackson’s Oxford Journal	1809.05.13_Jackson'sOxfordJournal_0001
236	351	335	1809	07	22	Jackson’s Oxford Journal	1809.07.22_Jackson'sOxfordJournal_0004	1809	05	13	Jackson’s Oxford Journal	1809.05.13_Jackson'sOxfordJournal_0002
501	689	682	1809	07	22	Jackson’s Oxford Journal	1809.07.22_Jackson'sOxfordJournal_0004	1809	05	20	Jackson’s Oxford Journal	1809.05.20_Jackson'sOxfordJournal_0001
288	421	398	1809	07	22	Jackson’s Oxford Journal	1809.07.22_Jackson'sOxfordJournal_0004	1809	05	27	Jackson’s Oxford Journal	1809.05.27_Jackson'sOxfordJournal_0001
201	298	279	1809	07	24	Caledonian Mercury	1809.07.24_CaledonianMercury_0001	1809	05	27	Caledonian Mercury	1809.05.27_CaledonianMercury_0001
228	374	368	1809	07	24	Caledonian Mercury	1809.07.24_CaledonianMercury_0004	1809	05	01	Caledonian Mercury	1809.05.01_CaledonianMercury_0004
213	335	328	1809	07	24	Caledonian Mercury	1809.07.24_CaledonianMercury_0004	1809	05	08	Caledonian Mercury	1809.05.08_CaledonianMercury_0004
220	291	291	1809	07	24	Caledonian Mercury	1809.07.24_CaledonianMercury_0004	1809	05	25	Caledonian Mercury	1809.05.25_CaledonianMercury_0004
544	850	841	1809	07	24	Caledonian Mercury	1809.07.24_CaledonianMercury_0004	1809	05	29	Caledonian Mercury	1809.05.29_CaledonianMercury_0004
441	645	653	1809	07	26	Aberdeen Journal	1809.07.26_TheAberdeenJournal_0001	1809	05	24	Aberdeen Journal	1809.05.24_TheAberdeenJournal_0004
390	587	586	1809	07	26	Aberdeen Journal	1809.07.26_TheAberdeenJournal_0001	1809	05	31	Aberdeen Journal	1809.05.31_TheAberdeenJournal_0002
273	441	435	1809	07	27	Caledonian Mercury	1809.07.27_CaledonianMercury_0003	1809	05	04	Caledonian Mercury	1809.05.04_CaledonianMercury_0004
336	533	540	1809	07	27	Derby Mercury	1809.07.27_TheDerbyMercury_0004	1809	05	04	Derby Mercury	1809.05.04_TheDerbyMercury_0004
267	473	464	1809	07	27	Derby Mercury	1809.07.27_TheDerbyMercury_0004	1809	05	11	Derby Mercury	1809.05.11_TheDerbyMercury_0004
351	610	597	1809	07	27	Derby Mercury	1809.07.27_TheDerbyMercury_0004	1809	05	18	Derby Mercury	1809.05.18_TheDerbyMercury_0004
400	675	663	1809	07	27	Derby Mercury	1809.07.27_TheDerbyMercury_0004	1809	05	25	Derby Mercury	1809.05.25_TheDerbyMercury_0004
343	542	528	1809	07	27	Trewman’s Exeter Flying Post	1809.07.27_Trewman'sExeterFlyingPostorPlymouthandCornishAdvertiser_0003	1809	05	04	Trewman’s Exeter Flying Post	1809.05.04_Trewman'sExeterFlyingPostorPlymouthandCornishAdvertiser_0002
538	844	842	1809	07	27	Trewman’s Exeter Flying Post	1809.07.27_Trewman'sExeterFlyingPostorPlymouthandCornishAdvertiser_0003	1809	05	04	Trewman’s Exeter Flying Post	1809.05.04_Trewman'sExeterFlyingPostorPlymouthandCornishAdvertiser_0003
556	832	823	1809	07	27	Trewman’s Exeter Flying Post	1809.07.27_Trewman'sExeterFlyingPostorPlymouthandCornishAdvertiser_0003	1809	05	11	Trewman’s Exeter Flying Post	1809.05.11_Trewman'sExeterFlyingPostorPlymouthandCornishAdvertiser_0003
566	815	813	1809	07	27	Trewman’s Exeter Flying Post	1809.07.27_Trewman'sExeterFlyingPostorPlymouthandCornishAdvertiser_0003	1809	05	18	Trewman’s Exeter Flying Post	1809.05.18_Trewman'sExeterFlyingPostorPlymouthandCornishAdvertiser_0003
454	701	703	1809	07	27	Trewman’s Exeter Flying Post	1809.07.27_Trewman'sExeterFlyingPostorPlymouthandCornishAdvertiser_0003	1809	05	25	Trewman’s Exeter Flying Post	1809.05.25_Trewman'sExeterFlyingPostorPlymouthandCornishAdvertiser_0002
257	425	419	1809	07	29	Caledonian Mercury	1809.07.29_CaledonianMercury_0004	1809	05	04	Caledonian Mercury	1809.05.04_CaledonianMercury_0004
261	382	382	1809	07	29	Jackson’s Oxford Journal	1809.07.29_Jackson'sOxfordJournal_0004	1809	05	06	Jackson’s Oxford Journal	1809.05.06_Jackson'sOxfordJournal_0001
271	376	375	1809	07	29	Jackson’s Oxford Journal	1809.07.29_Jackson'sOxfordJournal_0004	1809	05	06	Jackson’s Oxford Journal	1809.05.06_Jackson'sOxfordJournal_0004
208	304	303	1809	07	29	Jackson’s Oxford Journal	1809.07.29_Jackson'sOxfordJournal_0004	1809	05	13	Jackson’s Oxford Journal	1809.05.13_Jackson'sOxfordJournal_0001
261	388	392	1809	07	29	Jackson’s Oxford Journal	1809.07.29_Jackson'sOxfordJournal_0004	1809	05	13	Jackson’s Oxford Journal	1809.05.13_Jackson'sOxfordJournal_0002
216	316	309	1809	07	29	Jackson’s Oxford Journal	1809.07.29_Jackson'sOxfordJournal_0004	1809	05	13	Jackson’s Oxford Journal	1809.05.13_Jackson'sOxfordJournal_0004
477	653	675	1809	07	29	Jackson’s Oxford Journal	1809.07.29_Jackson'sOxfordJournal_0004	1809	05	20	Jackson’s Oxford Journal	1809.05.20_Jackson'sOxfordJournal_0001
278	388	395	1809	07	29	Jackson’s Oxford Journal	1809.07.29_Jackson'sOxfordJournal_0004	1809	05	27	Jackson’s Oxford Journal	1809.05.27_Jackson'sOxfordJournal_0001
294	479	468	1809	07	31	Caledonian Mercury	1809.07.31_CaledonianMercury_0004	1809	05	29	Caledonian Mercury	1809.05.29_CaledonianMercury_0004
347	494	461	1809	08	02	Aberdeen Journal	1809.08.02_TheAberdeenJournal_0002	1809	05	10	Aberdeen Journal	1809.05.10_TheAberdeenJournal_0002
449	630	607	1809	08	02	Aberdeen Journal	1809.08.02_TheAberdeenJournal_0002	1809	05	24	Aberdeen Journal	1809.05.24_TheAberdeenJournal_0002
431	567	600	1809	08	02	Aberdeen Journal	1809.08.02_TheAberdeenJournal_0002	1809	05	24	Aberdeen Journal	1809.05.24_TheAberdeenJournal_0004
424	566	586	1809	08	02	Aberdeen Journal	1809.08.02_TheAberdeenJournal_0002	1809	05	31	Aberdeen Journal	1809.05.31_TheAberdeenJournal_0002
202	298	306	1809	08	03	Caledonian Mercury	1809.08.03_CaledonianMercury_0004	1809	05	27	Caledonian Mercury	1809.05.27_CaledonianMercury_0004
242	394	390	1809	08	03	Caledonian Mercury	1809.08.03_CaledonianMercury_0004	1809	05	29	Caledonian Mercury	1809.05.29_CaledonianMercury_0004
342	562	562	1809	08	03	Derby Mercury	1809.08.03_TheDerbyMercury_0004	1809	05	04	Derby Mercury	1809.05.04_TheDerbyMercury_0004
243	390	386	1809	08	03	Derby Mercury	1809.08.03_TheDerbyMercury_0004	1809	05	11	Derby Mercury	1809.05.11_TheDerbyMercury_0004
522	855	814	1809	08	03	Derby Mercury	1809.08.03_TheDerbyMercury_0004	1809	05	18	Derby Mercury	1809.05.18_TheDerbyMercury_0004
346	561	557	1809	08	03	Derby Mercury	1809.08.03_TheDerbyMercury_0004	1809	05	25	Derby Mercury	1809.05.25_TheDerbyMercury_0004
235	371	376	1809	08	03	Trewman’s Exeter Flying Post	1809.08.03_Trewman'sExeterFlyingPostorPlymouthandCornishAdvertiser_0002	1809	05	25	Trewman’s Exeter Flying Post	1809.05.25_Trewman'sExeterFlyingPostorPlymouthandCornishAdvertiser_0002
225	363	354	1809	08	03	Trewman’s Exeter Flying Post	1809.08.03_Trewman'sExeterFlyingPostorPlymouthandCornishAdvertiser_0003	1809	05	04	Trewman’s Exeter Flying Post	1809.05.04_Trewman'sExeterFlyingPostorPlymouthandCornishAdvertiser_0002
1250	1992	1955	1809	08	03	Trewman’s Exeter Flying Post	1809.08.03_Trewman'sExeterFlyingPostorPlymouthandCornishAdvertiser_0003	1809	05	11	Trewman’s Exeter Flying Post	1809.05.11_Trewman'sExeterFlyingPostorPlymouthandCornishAdvertiser_0003
426	654	647	1809	08	03	Trewman’s Exeter Flying Post	1809.08.03_Trewman'sExeterFlyingPostorPlymouthandCornishAdvertiser_0003	1809	05	18	Trewman’s Exeter Flying Post	1809.05.18_Trewman'sExeterFlyingPostorPlymouthandCornishAdvertiser_0003
774	1206	1199	1809	08	03	Trewman’s Exeter Flying Post	1809.08.03_Trewman'sExeterFlyingPostorPlymouthandCornishAdvertiser_0003	1809	05	25	Trewman’s Exeter Flying Post	1809.05.25_Trewman'sExeterFlyingPostorPlymouthandCornishAdvertiser_0002
205	327	333	1809	08	03	Trewman’s Exeter Flying Post	1809.08.03_Trewman'sExeterFlyingPostorPlymouthandCornishAdvertiser_0003	1809	05	25	Trewman’s Exeter Flying Post	1809.05.25_Trewman'sExeterFlyingPostorPlymouthandCornishAdvertiser_0003
293	465	469	1809	08	05	Caledonian Mercury	1809.08.05_CaledonianMercury_0004	1809	05	04	Caledonian Mercury	1809.05.04_CaledonianMercury_0004
265	401	383	1809	08	05	Jackson’s Oxford Journal	1809.08.05_Jackson'sOxfordJournal_0001	1809	05	06	Jackson’s Oxford Journal	1809.05.06_Jackson'sOxfordJournal_0001
229	337	328	1809	08	05	Jackson’s Oxford Journal	1809.08.05_Jackson'sOxfordJournal_0001	1809	05	13	Jackson’s Oxford Journal	1809.05.13_Jackson'sOxfordJournal_0001
268	394	405	1809	08	05	Jackson’s Oxford Journal	1809.08.05_Jackson'sOxfordJournal_0001	1809	05	20	Jackson’s Oxford Journal	1809.05.20_Jackson'sOxfordJournal_0001
260	374	364	1809	08	05	Jackson’s Oxford Journal	1809.08.05_Jackson'sOxfordJournal_0001	1809	05	27	Jackson’s Oxford Journal	1809.05.27_Jackson'sOxfordJournal_0001
231	332	333	1809	08	05	Jackson’s Oxford Journal	1809.08.05_Jackson'sOxfordJournal_0002	1809	05	13	Jackson’s Oxford Journal	1809.05.13_Jackson'sOxfordJournal_0002
293	412	428	1809	08	05	Jackson’s Oxford Journal	1809.08.05_Jackson'sOxfordJournal_0002	1809	05	20	Jackson’s Oxford Journal	1809.05.20_Jackson'sOxfordJournal_0002
207	331	325	1809	08	05	Jackson’s Oxford Journal	1809.08.05_Jackson'sOxfordJournal_0003	1809	05	06	Jackson’s Oxford Journal	1809.05.06_Jackson'sOxfordJournal_0003
232	306	306	1809	08	05	Jackson’s Oxford Journal	1809.08.05_Jackson'sOxfordJournal_0004	1809	05	06	Jackson’s Oxford Journal	1809.05.06_Jackson'sOxfordJournal_0001
414	599	591	1809	08	05	Jackson’s Oxford Journal	1809.08.05_Jackson'sOxfordJournal_0004	1809	05	06	Jackson’s Oxford Journal	1809.05.06_Jackson'sOxfordJournal_0004
357	550	538	1809	08	05	Jackson’s Oxford Journal	1809.08.05_Jackson'sOxfordJournal_0004	1809	05	11	Trewman’s Exeter Flying Post	1809.05.11_Trewman'sExeterFlyingPostorPlymouthandCornishAdvertiser_0003
207	282	281	1809	08	05	Jackson’s Oxford Journal	1809.08.05_Jackson'sOxfordJournal_0004	1809	05	27	Caledonian Mercury	1809.05.27_CaledonianMercury_0001
533	742	771	1809	08	05	Jackson’s Oxford Journal	1809.08.05_Jackson'sOxfordJournal_0004	1809	05	27	Jackson’s Oxford Journal	1809.05.27_Jackson'sOxfordJournal_0004
451	725	706	1809	08	07	Caledonian Mercury	1809.08.07_CaledonianMercury_0004	1809	05	01	Caledonian Mercury	1809.05.01_CaledonianMercury_0004
473	694	715	1809	08	07	Caledonian Mercury	1809.08.07_CaledonianMercury_0004	1809	05	15	Caledonian Mercury	1809.05.15_CaledonianMercury_0004
340	498	511	1809	08	07	Caledonian Mercury	1809.08.07_CaledonianMercury_0004	1809	05	27	Caledonian Mercury	1809.05.27_CaledonianMercury_0004
1012	1450	1362	1809	08	07	Caledonian Mercury	1809.08.07_CaledonianMercury_0004	1809	05	29	Caledonian Mercury	1809.05.29_CaledonianMercury_0004
216	343	344	1809	08	09	Aberdeen Journal	1809.08.09_TheAberdeenJournal_0001	1809	05	17	Aberdeen Journal	1809.05.17_TheAberdeenJournal_0002
417	664	665	1809	08	10	Derby Mercury	1809.08.10_TheDerbyMercury_0004	1809	05	04	Derby Mercury	1809.05.04_TheDerbyMercury_0004
374	628	621	1809	08	10	Derby Mercury	1809.08.10_TheDerbyMercury_0004	1809	05	11	Derby Mercury	1809.05.11_TheDerbyMercury_0004
357	563	557	1809	08	10	Derby Mercury	1809.08.10_TheDerbyMercury_0004	1809	05	18	Derby Mercury	1809.05.18_TheDerbyMercury_0004
326	514	514	1809	08	10	Derby Mercury	1809.08.10_TheDerbyMercury_0004	1809	05	25	Derby Mercury	1809.05.25_TheDerbyMercury_0004
245	376	369	1809	08	10	Trewman’s Exeter Flying Post	1809.08.10_Trewman'sExeterFlyingPostorPlymouthandCornishAdvertiser_0001	1809	05	11	Trewman’s Exeter Flying Post	1809.05.11_Trewman'sExeterFlyingPostorPlymouthandCornishAdvertiser_0002
531	800	783	1809	08	10	Trewman’s Exeter Flying Post	1809.08.10_Trewman'sExeterFlyingPostorPlymouthandCornishAdvertiser_0002	1809	05	11	Trewman’s Exeter Flying Post	1809.05.11_Trewman'sExeterFlyingPostorPlymouthandCornishAdvertiser_0003
250	389	387	1809	08	10	Trewman’s Exeter Flying Post	1809.08.10_Trewman'sExeterFlyingPostorPlymouthandCornishAdvertiser_0002	1809	05	18	Trewman’s Exeter Flying Post	1809.05.18_Trewman'sExeterFlyingPostorPlymouthandCornishAdvertiser_0003
443	711	708	1809	08	10	Trewman’s Exeter Flying Post	1809.08.10_Trewman'sExeterFlyingPostorPlymouthandCornishAdvertiser_0002	1809	05	25	Trewman’s Exeter Flying Post	1809.05.25_Trewman'sExeterFlyingPostorPlymouthandCornishAdvertiser_0002
426	668	668	1809	08	10	Trewman’s Exeter Flying Post	1809.08.10_Trewman'sExeterFlyingPostorPlymouthandCornishAdvertiser_0003	1809	05	04	Trewman’s Exeter Flying Post	1809.05.04_Trewman'sExeterFlyingPostorPlymouthandCornishAdvertiser_0003
218	354	338	1809	08	10	Trewman’s Exeter Flying Post	1809.08.10_Trewman'sExeterFlyingPostorPlymouthandCornishAdvertiser_0003	1809	05	11	Trewman’s Exeter Flying Post	1809.05.11_Trewman'sExeterFlyingPostorPlymouthandCornishAdvertiser_0003
280	411	421	1809	08	10	Trewman’s Exeter Flying Post	1809.08.10_Trewman'sExeterFlyingPostorPlymouthandCornishAdvertiser_0003	1809	05	18	Trewman’s Exeter Flying Post	1809.05.18_Trewman'sExeterFlyingPostorPlymouthandCornishAdvertiser_0002
244	379	354	1809	08	10	Trewman’s Exeter Flying Post	1809.08.10_Trewman'sExeterFlyingPostorPlymouthandCornishAdvertiser_0003	1809	05	18	Trewman’s Exeter Flying Post	1809.05.18_Trewman'sExeterFlyingPostorPlymouthandCornishAdvertiser_0003
207	283	283	1809	08	12	Caledonian Mercury	1809.08.12_CaledonianMercury_0004	1809	05	08	Caledonian Mercury	1809.05.08_CaledonianMercury_0004
213	304	305	1809	08	12	Caledonian Mercury	1809.08.12_CaledonianMercury_0004	1809	05	18	Caledonian Mercury	1809.05.18_CaledonianMercury_0004
308	468	462	1809	08	12	Jackson’s Oxford Journal	1809.08.12_Jackson'sOxfordJournal_0002	1809	05	13	Jackson’s Oxford Journal	1809.05.13_Jackson'sOxfordJournal_0002
200	293	298	1809	08	12	Jackson’s Oxford Journal	1809.08.12_Jackson'sOxfordJournal_0002	1809	05	20	Jackson’s Oxford Journal	1809.05.20_Jackson'sOxfordJournal_0001
332	466	484	1809	08	12	Jackson’s Oxford Journal	1809.08.12_Jackson'sOxfordJournal_0002	1809	05	20	Jackson’s Oxford Journal	1809.05.20_Jackson'sOxfordJournal_0002
260	344	376	1809	08	12	Jackson’s Oxford Journal	1809.08.12_Jackson'sOxfordJournal_0004	1809	05	20	Jackson’s Oxford Journal	1809.05.20_Jackson'sOxfordJournal_0004
232	347	340	1809	08	14	Caledonian Mercury	1809.08.14_CaledonianMercury_0001	1809	05	22	Caledonian Mercury	1809.05.22_CaledonianMercury_0001
357	493	506	1809	08	14	Caledonian Mercury	1809.08.14_CaledonianMercury_0001	1809	05	29	Caledonian Mercury	1809.05.29_CaledonianMercury_0001
256	433	431	1809	08	15	Hull Packet	1809.08.15_TheHullPacketandOriginalWeeklyCommercialLiteraryandGeneralAdvertiser_0004	1809	05	20	Leeds Mercury	1809.05.20_TheLeedsMercury_0004
225	257	265	1809	08	16	Aberdeen Journal	1809.08.16_TheAberdeenJournal_0002	1809	05	03	Aberdeen Journal	1809.05.03_TheAberdeenJournal_0002
218	267	281	1809	08	16	Aberdeen Journal	1809.08.16_TheAberdeenJournal_0002	1809	05	10	Aberdeen Journal	1809.05.10_TheAberdeenJournal_0001
388	533	534	1809	08	16	Aberdeen Journal	1809.08.16_TheAberdeenJournal_0002	1809	05	10	Aberdeen Journal	1809.05.10_TheAberdeenJournal_0002
501	671	685	1809	08	16	Aberdeen Journal	1809.08.16_TheAberdeenJournal_0002	1809	05	24	Aberdeen Journal	1809.05.24_TheAberdeenJournal_0002
449	524	553	1809	08	16	Aberdeen Journal	1809.08.16_TheAberdeenJournal_0002	1809	05	24	Aberdeen Journal	1809.05.24_TheAberdeenJournal_0004
510	627	654	1809	08	16	Aberdeen Journal	1809.08.16_TheAberdeenJournal_0002	1809	05	31	Aberdeen Journal	1809.05.31_TheAberdeenJournal_0002
392	585	576	1809	08	17	Derby Mercury	1809.08.17_TheDerbyMercury_0004	1809	05	11	Derby Mercury	1809.05.11_TheDerbyMercury_0004
231	396	399	1809	08	17	Trewman’s Exeter Flying Post	1809.08.17_Trewman'sExeterFlyingPostorPlymouthandCornishAdvertiser_0002	1809	05	25	Trewman’s Exeter Flying Post	1809.05.25_Trewman'sExeterFlyingPostorPlymouthandCornishAdvertiser_0003
273	480	467	1809	08	17	Trewman’s Exeter Flying Post	1809.08.17_Trewman'sExeterFlyingPostorPlymouthandCornishAdvertiser_0003	1809	05	11	Trewman’s Exeter Flying Post	1809.05.11_Trewman'sExeterFlyingPostorPlymouthandCornishAdvertiser_0003
264	462	457	1809	08	17	Trewman’s Exeter Flying Post	1809.08.17_Trewman'sExeterFlyingPostorPlymouthandCornishAdvertiser_0003	1809	05	25	Trewman’s Exeter Flying Post	1809.05.25_Trewman'sExeterFlyingPostorPlymouthandCornishAdvertiser_0002
236	347	346	1809	08	19	Jackson’s Oxford Journal	1809.08.19_Jackson'sOxfordJournal_0002	1809	05	13	Jackson’s Oxford Journal	1809.05.13_Jackson'sOxfordJournal_0002
233	351	357	1809	08	19	Jackson’s Oxford Journal	1809.08.19_Jackson'sOxfordJournal_0002	1809	05	20	Jackson’s Oxford Journal	1809.05.20_Jackson'sOxfordJournal_0002
328	423	423	1809	08	19	Jackson’s Oxford Journal	1809.08.19_Jackson'sOxfordJournal_0004	1809	05	06	Jackson’s Oxford Journal	1809.05.06_Jackson'sOxfordJournal_0004
469	788	775	1809	08	21	Caledonian Mercury	1809.08.21_CaledonianMercury_0001	1809	05	22	Caledonian Mercury	1809.05.22_CaledonianMercury_0001
205	299	300	1809	08	21	Caledonian Mercury	1809.08.21_CaledonianMercury_0001	1809	05	29	Caledonian Mercury	1809.05.29_CaledonianMercury_0001
205	312	311	1809	08	21	Caledonian Mercury	1809.08.21_CaledonianMercury_0004	1809	05	01	Caledonian Mercury	1809.05.01_CaledonianMercury_0004
491	768	761	1809	08	21	Caledonian Mercury	1809.08.21_CaledonianMercury_0004	1809	05	29	Caledonian Mercury	1809.05.29_CaledonianMercury_0004
277	444	444	1809	08	24	Derby Mercury	1809.08.24_TheDerbyMercury_0001	1809	05	11	Trewman’s Exeter Flying Post	1809.05.11_Trewman'sExeterFlyingPostorPlymouthandCornishAdvertiser_0003
356	593	577	1809	08	24	Derby Mercury	1809.08.24_TheDerbyMercury_0001	1809	05	18	Derby Mercury	1809.05.18_TheDerbyMercury_0004
219	367	366	1809	08	24	Derby Mercury	1809.08.24_TheDerbyMercury_0004	1809	05	25	Derby Mercury	1809.05.25_TheDerbyMercury_0004
307	500	508	1809	08	24	Trewman’s Exeter Flying Post	1809.08.24_Trewman'sExeterFlyingPostorPlymouthandCornishAdvertiser_0003	1809	05	04	Trewman’s Exeter Flying Post	1809.05.04_Trewman'sExeterFlyingPostorPlymouthandCornishAdvertiser_0003
545	809	819	1809	08	24	Trewman’s Exeter Flying Post	1809.08.24_Trewman'sExeterFlyingPostorPlymouthandCornishAdvertiser_0003	1809	05	11	Trewman’s Exeter Flying Post	1809.05.11_Trewman'sExeterFlyingPostorPlymouthandCornishAdvertiser_0003
301	466	467	1809	08	24	Trewman’s Exeter Flying Post	1809.08.24_Trewman'sExeterFlyingPostorPlymouthandCornishAdvertiser_0003	1809	05	18	Trewman’s Exeter Flying Post	1809.05.18_Trewman'sExeterFlyingPostorPlymouthandCornishAdvertiser_0003
204	323	318	1809	08	24	Trewman’s Exeter Flying Post	1809.08.24_Trewman'sExeterFlyingPostorPlymouthandCornishAdvertiser_0003	1809	05	25	Trewman’s Exeter Flying Post	1809.05.25_Trewman'sExeterFlyingPostorPlymouthandCornishAdvertiser_0002
211	336	336	1809	08	28	Caledonian Mercury	1809.08.28_CaledonianMercury_0001	1809	05	22	Caledonian Mercury	1809.05.22_CaledonianMercury_0001
275	397	392	1809	08	30	Aberdeen Journal	1809.08.30_TheAberdeenJournal_0002	1809	05	10	Aberdeen Journal	1809.05.10_TheAberdeenJournal_0002
285	403	420	1809	08	30	Aberdeen Journal	1809.08.30_TheAberdeenJournal_0002	1809	05	24	Aberdeen Journal	1809.05.24_TheAberdeenJournal_0002
233	367	386	1809	08	30	Aberdeen Journal	1809.08.30_TheAberdeenJournal_0002	1809	05	24	Aberdeen Journal	1809.05.24_TheAberdeenJournal_0004
280	423	436	1809	08	30	Aberdeen Journal	1809.08.30_TheAberdeenJournal_0002	1809	05	31	Aberdeen Journal	1809.05.31_TheAberdeenJournal_0002
273	446	433	1809	08	31	Derby Mercury	1809.08.31_TheDerbyMercury_0004	1809	05	11	Derby Mercury	1809.05.11_TheDerbyMercury_0004
266	448	440	1809	08	31	Derby Mercury	1809.08.31_TheDerbyMercury_0004	1809	05	25	Derby Mercury	1809.05.25_TheDerbyMercury_0004
200	310	307	1809	08	31	Derby Mercury	1809.08.31_TheDerbyMercury_0004	1809	05	25	Trewman’s Exeter Flying Post	1809.05.25_Trewman'sExeterFlyingPostorPlymouthandCornishAdvertiser_0003
233	393	383	1809	08	31	Trewman’s Exeter Flying Post	1809.08.31_Trewman'sExeterFlyingPostorPlymouthandCornishAdvertiser_0002	1809	05	04	Trewman’s Exeter Flying Post	1809.05.04_Trewman'sExeterFlyingPostorPlymouthandCornishAdvertiser_0002
762	1159	1144	1809	08	31	Trewman’s Exeter Flying Post	1809.08.31_Trewman'sExeterFlyingPostorPlymouthandCornishAdvertiser_0002	1809	05	11	Trewman’s Exeter Flying Post	1809.05.11_Trewman'sExeterFlyingPostorPlymouthandCornishAdvertiser_0003
524	796	800	1809	08	31	Trewman’s Exeter Flying Post	1809.08.31_Trewman'sExeterFlyingPostorPlymouthandCornishAdvertiser_0002	1809	05	18	Trewman’s Exeter Flying Post	1809.05.18_Trewman'sExeterFlyingPostorPlymouthandCornishAdvertiser_0003
504	759	752	1809	08	31	Trewman’s Exeter Flying Post	1809.08.31_Trewman'sExeterFlyingPostorPlymouthandCornishAdvertiser_0002	1809	05	25	Trewman’s Exeter Flying Post	1809.05.25_Trewman'sExeterFlyingPostorPlymouthandCornishAdvertiser_0002
281	427	428	1809	08	31	Trewman’s Exeter Flying Post	1809.08.31_Trewman'sExeterFlyingPostorPlymouthandCornishAdvertiser_0002	1809	05	25	Trewman’s Exeter Flying Post	1809.05.25_Trewman'sExeterFlyingPostorPlymouthandCornishAdvertiser_0003
201	317	323	1809	08	31	Trewman’s Exeter Flying Post	1809.08.31_Trewman'sExeterFlyingPostorPlymouthandCornishAdvertiser_0003	1809	05	06	Jackson’s Oxford Journal	1809.05.06_Jackson'sOxfordJournal_0001
404	689	683	1809	08	31	Trewman’s Exeter Flying Post	1809.08.31_Trewman'sExeterFlyingPostorPlymouthandCornishAdvertiser_0003	1809	05	11	Trewman’s Exeter Flying Post	1809.05.11_Trewman'sExeterFlyingPostorPlymouthandCornishAdvertiser_0003
261	378	377	1809	09	02	Jackson’s Oxford Journal	1809.09.02_Jackson'sOxfordJournal_0002	1809	05	13	Jackson’s Oxford Journal	1809.05.13_Jackson'sOxfordJournal_0002
268	420	429	1809	09	02	Jackson’s Oxford Journal	1809.09.02_Jackson'sOxfordJournal_0002	1809	05	20	Jackson’s Oxford Journal	1809.05.20_Jackson'sOxfordJournal_0002
251	350	324	1809	09	02	Jackson’s Oxford Journal	1809.09.02_Jackson'sOxfordJournal_0004	1809	05	06	Jackson’s Oxford Journal	1809.05.06_Jackson'sOxfordJournal_0001
201	282	266	1809	09	02	Jackson’s Oxford Journal	1809.09.02_Jackson'sOxfordJournal_0004	1809	05	06	Jackson’s Oxford Journal	1809.05.06_Jackson'sOxfordJournal_0004
291	439	417	1809	09	02	Jackson’s Oxford Journal	1809.09.02_Jackson'sOxfordJournal_0004	1809	05	13	Jackson’s Oxford Journal	1809.05.13_Jackson'sOxfordJournal_0004
213	295	278	1809	09	02	Jackson’s Oxford Journal	1809.09.02_Jackson'sOxfordJournal_0004	1809	05	27	Caledonian Mercury	1809.05.27_CaledonianMercury_0001
265	396	406	1809	09	04	Caledonian Mercury	1809.09.04_CaledonianMercury_0004	1809	05	01	Caledonian Mercury	1809.05.01_CaledonianMercury_0004
530	792	798	1809	09	04	Caledonian Mercury	1809.09.04_CaledonianMercury_0004	1809	05	29	Caledonian Mercury	1809.05.29_CaledonianMercury_0004
386	520	529	1809	09	06	Aberdeen Journal	1809.09.06_TheAberdeenJournal_0004	1809	05	24	Aberdeen Journal	1809.05.24_TheAberdeenJournal_0004
401	564	566	1809	09	06	Aberdeen Journal	1809.09.06_TheAberdeenJournal_0004	1809	05	31	Aberdeen Journal	1809.05.31_TheAberdeenJournal_0002
423	700	704	1809	09	07	Derby Mercury	1809.09.07_TheDerbyMercury_0004	1809	05	04	Derby Mercury	1809.05.04_TheDerbyMercury_0004
313	529	520	1809	09	07	Trewman’s Exeter Flying Post	1809.09.07_Trewman'sExeterFlyingPostorPlymouthandCornishAdvertiser_0003	1809	05	11	Trewman’s Exeter Flying Post	1809.05.11_Trewman'sExeterFlyingPostorPlymouthandCornishAdvertiser_0003
297	513	509	1809	09	07	Trewman’s Exeter Flying Post	1809.09.07_Trewman'sExeterFlyingPostorPlymouthandCornishAdvertiser_0003	1809	05	18	Trewman’s Exeter Flying Post	1809.05.18_Trewman'sExeterFlyingPostorPlymouthandCornishAdvertiser_0003
217	356	354	1809	09	07	Trewman’s Exeter Flying Post	1809.09.07_Trewman'sExeterFlyingPostorPlymouthandCornishAdvertiser_0003	1809	05	25	Trewman’s Exeter Flying Post	1809.05.25_Trewman'sExeterFlyingPostorPlymouthandCornishAdvertiser_0002
234	370	362	1809	09	07	Trewman’s Exeter Flying Post	1809.09.07_Trewman'sExeterFlyingPostorPlymouthandCornishAdvertiser_0003	1809	05	25	Trewman’s Exeter Flying Post	1809.05.25_Trewman'sExeterFlyingPostorPlymouthandCornishAdvertiser_0003
234	353	353	1809	09	09	Jackson’s Oxford Journal	1809.09.09_Jackson'sOxfordJournal_0002	1809	05	06	Jackson’s Oxford Journal	1809.05.06_Jackson'sOxfordJournal_0001
229	352	351	1809	09	09	Jackson’s Oxford Journal	1809.09.09_Jackson'sOxfordJournal_0002	1809	05	13	Jackson’s Oxford Journal	1809.05.13_Jackson'sOxfordJournal_0001
311	479	480	1809	09	09	Jackson’s Oxford Journal	1809.09.09_Jackson'sOxfordJournal_0002	1809	05	13	Jackson’s Oxford Journal	1809.05.13_Jackson'sOxfordJournal_0002
286	443	449	1809	09	09	Jackson’s Oxford Journal	1809.09.09_Jackson'sOxfordJournal_0002	1809	05	20	Jackson’s Oxford Journal	1809.05.20_Jackson'sOxfordJournal_0001
429	606	627	1809	09	09	Jackson’s Oxford Journal	1809.09.09_Jackson'sOxfordJournal_0002	1809	05	20	Jackson’s Oxford Journal	1809.05.20_Jackson'sOxfordJournal_0002
212	323	325	1809	09	09	Jackson’s Oxford Journal	1809.09.09_Jackson'sOxfordJournal_0002	1809	05	27	Jackson’s Oxford Journal	1809.05.27_Jackson'sOxfordJournal_0001
552	742	748	1809	09	09	Jackson’s Oxford Journal	1809.09.09_Jackson'sOxfordJournal_0004	1809	05	27	Jackson’s Oxford Journal	1809.05.27_Jackson'sOxfordJournal_0004
290	418	414	1809	09	13	Aberdeen Journal	1809.09.13_TheAberdeenJournal_0002	1809	05	10	Aberdeen Journal	1809.05.10_TheAberdeenJournal_0002
362	526	535	1809	09	13	Aberdeen Journal	1809.09.13_TheAberdeenJournal_0002	1809	05	24	Aberdeen Journal	1809.05.24_TheAberdeenJournal_0002
400	518	549	1809	09	13	Aberdeen Journal	1809.09.13_TheAberdeenJournal_0002	1809	05	24	Aberdeen Journal	1809.05.24_TheAberdeenJournal_0004
404	553	577	1809	09	13	Aberdeen Journal	1809.09.13_TheAberdeenJournal_0002	1809	05	31	Aberdeen Journal	1809.05.31_TheAberdeenJournal_0002
245	420	421	1809	09	14	Trewman’s Exeter Flying Post	1809.09.14_Trewman'sExeterFlyingPostorPlymouthandCornishAdvertiser_0002	1809	05	04	Trewman’s Exeter Flying Post	1809.05.04_Trewman'sExeterFlyingPostorPlymouthandCornishAdvertiser_0003
574	916	897	1809	09	14	Trewman’s Exeter Flying Post	1809.09.14_Trewman'sExeterFlyingPostorPlymouthandCornishAdvertiser_0002	1809	05	11	Trewman’s Exeter Flying Post	1809.05.11_Trewman'sExeterFlyingPostorPlymouthandCornishAdvertiser_0003
291	459	448	1809	09	14	Trewman’s Exeter Flying Post	1809.09.14_Trewman'sExeterFlyingPostorPlymouthandCornishAdvertiser_0002	1809	05	18	Trewman’s Exeter Flying Post	1809.05.18_Trewman'sExeterFlyingPostorPlymouthandCornishAdvertiser_0003
355	572	563	1809	09	14	Trewman’s Exeter Flying Post	1809.09.14_Trewman'sExeterFlyingPostorPlymouthandCornishAdvertiser_0002	1809	05	25	Trewman’s Exeter Flying Post	1809.05.25_Trewman'sExeterFlyingPostorPlymouthandCornishAdvertiser_0002
203	319	315	1809	09	14	Trewman’s Exeter Flying Post	1809.09.14_Trewman'sExeterFlyingPostorPlymouthandCornishAdvertiser_0003	1809	05	11	Trewman’s Exeter Flying Post	1809.05.11_Trewman'sExeterFlyingPostorPlymouthandCornishAdvertiser_0003
269	435	438	1809	09	14	Trewman’s Exeter Flying Post	1809.09.14_Trewman'sExeterFlyingPostorPlymouthandCornishAdvertiser_0003	1809	05	25	Trewman’s Exeter Flying Post	1809.05.25_Trewman'sExeterFlyingPostorPlymouthandCornishAdvertiser_0003
281	401	399	1809	09	16	Jackson’s Oxford Journal	1809.09.16_Jackson'sOxfordJournal_0004	1809	05	06	Jackson’s Oxford Journal	1809.05.06_Jackson'sOxfordJournal_0001
213	314	315	1809	09	16	Jackson’s Oxford Journal	1809.09.16_Jackson'sOxfordJournal_0004	1809	05	13	Jackson’s Oxford Journal	1809.05.13_Jackson'sOxfordJournal_0001
228	316	321	1809	09	16	Jackson’s Oxford Journal	1809.09.16_Jackson'sOxfordJournal_0004	1809	05	13	Jackson’s Oxford Journal	1809.05.13_Jackson'sOxfordJournal_0002
386	536	557	1809	09	16	Jackson’s Oxford Journal	1809.09.16_Jackson'sOxfordJournal_0004	1809	05	20	Jackson’s Oxford Journal	1809.05.20_Jackson'sOxfordJournal_0001
251	359	359	1809	09	16	Jackson’s Oxford Journal	1809.09.16_Jackson'sOxfordJournal_0004	1809	05	27	Jackson’s Oxford Journal	1809.05.27_Jackson'sOxfordJournal_0001
350	539	532	1809	09	20	Aberdeen Journal	1809.09.20_TheAberdeenJournal_0001	1809	05	24	Aberdeen Journal	1809.05.24_TheAberdeenJournal_0004
310	487	479	1809	09	20	Aberdeen Journal	1809.09.20_TheAberdeenJournal_0001	1809	05	31	Aberdeen Journal	1809.05.31_TheAberdeenJournal_0002
214	353	352	1809	09	21	Derby Mercury	1809.09.21_TheDerbyMercury_0004	1809	05	04	Derby Mercury	1809.05.04_TheDerbyMercury_0004
269	352	351	1809	09	23	Jackson’s Oxford Journal	1809.09.23_Jackson'sOxfordJournal_0004	1809	05	13	Jackson’s Oxford Journal	1809.05.13_Jackson'sOxfordJournal_0004
284	341	341	1809	09	26	Hull Packet	1809.09.26_TheHullPacketandOriginalWeeklyCommercialLiteraryandGeneralAdvertiser_0001	1809	05	10	Aberdeen Journal	1809.05.10_TheAberdeenJournal_0002
310	358	372	1809	09	26	Hull Packet	1809.09.26_TheHullPacketandOriginalWeeklyCommercialLiteraryandGeneralAdvertiser_0001	1809	05	24	Aberdeen Journal	1809.05.24_TheAberdeenJournal_0002
224	324	311	1809	09	26	Hull Packet	1809.09.26_TheHullPacketandOriginalWeeklyCommercialLiteraryandGeneralAdvertiser_0004	1809	05	20	Leeds Mercury	1809.05.20_TheLeedsMercury_0004
355	505	485	1809	09	27	Aberdeen Journal	1809.09.27_TheAberdeenJournal_0002	1809	05	10	Aberdeen Journal	1809.05.10_TheAberdeenJournal_0002
402	554	542	1809	09	27	Aberdeen Journal	1809.09.27_TheAberdeenJournal_0002	1809	05	24	Aberdeen Journal	1809.05.24_TheAberdeenJournal_0002
310	414	429	1809	09	27	Aberdeen Journal	1809.09.27_TheAberdeenJournal_0002	1809	05	24	Aberdeen Journal	1809.05.24_TheAberdeenJournal_0004
344	470	483	1809	09	27	Aberdeen Journal	1809.09.27_TheAberdeenJournal_0002	1809	05	31	Aberdeen Journal	1809.05.31_TheAberdeenJournal_0002
319	425	442	1809	09	28	Caledonian Mercury	1809.09.28_CaledonianMercury_0004	1809	05	24	Aberdeen Journal	1809.05.24_TheAberdeenJournal_0004
336	461	484	1809	09	28	Caledonian Mercury	1809.09.28_CaledonianMercury_0004	1809	05	31	Aberdeen Journal	1809.05.31_TheAberdeenJournal_0002
206	358	358	1809	09	28	Derby Mercury	1809.09.28_TheDerbyMercury_0001	1809	05	11	Trewman’s Exeter Flying Post	1809.05.11_Trewman'sExeterFlyingPostorPlymouthandCornishAdvertiser_0003
285	481	464	1809	09	28	Derby Mercury	1809.09.28_TheDerbyMercury_0004	1809	05	11	Derby Mercury	1809.05.11_TheDerbyMercury_0004
282	467	463	1809	09	28	Trewman’s Exeter Flying Post	1809.09.28_Trewman'sExeterFlyingPostorPlymouthandCornishAdvertiser_0002	1809	05	11	Trewman’s Exeter Flying Post	1809.05.11_Trewman'sExeterFlyingPostorPlymouthandCornishAdvertiser_0003
539	817	819	1809	09	28	Trewman’s Exeter Flying Post	1809.09.28_Trewman'sExeterFlyingPostorPlymouthandCornishAdvertiser_0003	1809	05	11	Trewman’s Exeter Flying Post	1809.05.11_Trewman'sExeterFlyingPostorPlymouthandCornishAdvertiser_0003
255	393	398	1809	09	28	Trewman’s Exeter Flying Post	1809.09.28_Trewman'sExeterFlyingPostorPlymouthandCornishAdvertiser_0003	1809	05	18	Trewman’s Exeter Flying Post	1809.05.18_Trewman'sExeterFlyingPostorPlymouthandCornishAdvertiser_0003
384	609	607	1809	09	28	Trewman’s Exeter Flying Post	1809.09.28_Trewman'sExeterFlyingPostorPlymouthandCornishAdvertiser_0003	1809	05	25	Trewman’s Exeter Flying Post	1809.05.25_Trewman'sExeterFlyingPostorPlymouthandCornishAdvertiser_0002
211	296	292	1809	09	28	Trewman’s Exeter Flying Post	1809.09.28_Trewman'sExeterFlyingPostorPlymouthandCornishAdvertiser_0003	1809	05	25	Trewman’s Exeter Flying Post	1809.05.25_Trewman'sExeterFlyingPostorPlymouthandCornishAdvertiser_0003
337	438	463	1809	10	02	Caledonian Mercury	1809.10.02_CaledonianMercury_0004	1809	05	24	Aberdeen Journal	1809.05.24_TheAberdeenJournal_0004
324	453	462	1809	10	02	Caledonian Mercury	1809.10.02_CaledonianMercury_0004	1809	05	31	Aberdeen Journal	1809.05.31_TheAberdeenJournal_0002
436	579	585	1809	10	04	Aberdeen Journal	1809.10.04_TheAberdeenJournal_0001	1809	05	24	Aberdeen Journal	1809.05.24_TheAberdeenJournal_0004
428	580	576	1809	10	04	Aberdeen Journal	1809.10.04_TheAberdeenJournal_0001	1809	05	31	Aberdeen Journal	1809.05.31_TheAberdeenJournal_0002
220	388	374	1809	10	05	Derby Mercury	1809.10.05_TheDerbyMercury_0004	1809	05	25	Derby Mercury	1809.05.25_TheDerbyMercury_0004
252	414	402	1809	10	05	Derby Mercury	1809.10.05_TheDerbyMercury_0004	1809	05	25	Trewman’s Exeter Flying Post	1809.05.25_Trewman'sExeterFlyingPostorPlymouthandCornishAdvertiser_0003
285	469	458	1809	10	05	Trewman’s Exeter Flying Post	1809.10.05_Trewman'sExeterFlyingPostorPlymouthandCornishAdvertiser_0003	1809	05	11	Trewman’s Exeter Flying Post	1809.05.11_Trewman'sExeterFlyingPostorPlymouthandCornishAdvertiser_0003
234	405	391	1809	10	05	Trewman’s Exeter Flying Post	1809.10.05_Trewman'sExeterFlyingPostorPlymouthandCornishAdvertiser_0003	1809	05	18	Trewman’s Exeter Flying Post	1809.05.18_Trewman'sExeterFlyingPostorPlymouthandCornishAdvertiser_0003
214	352	338	1809	10	05	Trewman’s Exeter Flying Post	1809.10.05_Trewman'sExeterFlyingPostorPlymouthandCornishAdvertiser_0003	1809	05	25	Trewman’s Exeter Flying Post	1809.05.25_Trewman'sExeterFlyingPostorPlymouthandCornishAdvertiser_0002
239	381	374	1809	10	05	Trewman’s Exeter Flying Post	1809.10.05_Trewman'sExeterFlyingPostorPlymouthandCornishAdvertiser_0003	1809	05	25	Trewman’s Exeter Flying Post	1809.05.25_Trewman'sExeterFlyingPostorPlymouthandCornishAdvertiser_0003
202	291	309	1809	10	07	Caledonian Mercury	1809.10.07_CaledonianMercury_0004	1809	05	04	Caledonian Mercury	1809.05.04_CaledonianMercury_0004
343	482	455	1809	10	07	Jackson’s Oxford Journal	1809.10.07_Jackson'sOxfordJournal_0001	1809	05	06	Jackson’s Oxford Journal	1809.05.06_Jackson'sOxfordJournal_0001
257	368	356	1809	10	07	Jackson’s Oxford Journal	1809.10.07_Jackson'sOxfordJournal_0001	1809	05	11	Trewman’s Exeter Flying Post	1809.05.11_Trewman'sExeterFlyingPostorPlymouthandCornishAdvertiser_0003
201	248	267	1809	10	07	Jackson’s Oxford Journal	1809.10.07_Jackson'sOxfordJournal_0004	1809	05	20	Jackson’s Oxford Journal	1809.05.20_Jackson'sOxfordJournal_0004
428	666	652	1809	10	09	Caledonian Mercury	1809.10.09_CaledonianMercury_0004	1809	05	01	Caledonian Mercury	1809.05.01_CaledonianMercury_0004
367	482	499	1809	10	09	Caledonian Mercury	1809.10.09_CaledonianMercury_0004	1809	05	04	Caledonian Mercury	1809.05.04_CaledonianMercury_0004
402	590	604	1809	10	09	Caledonian Mercury	1809.10.09_CaledonianMercury_0004	1809	05	15	Caledonian Mercury	1809.05.15_CaledonianMercury_0004
587	820	782	1809	10	09	Caledonian Mercury	1809.10.09_CaledonianMercury_0004	1809	05	29	Caledonian Mercury	1809.05.29_CaledonianMercury_0004
326	448	465	1809	10	11	Aberdeen Journal	1809.10.11_TheAberdeenJournal_0001	1809	05	24	Aberdeen Journal	1809.05.24_TheAberdeenJournal_0004
294	413	427	1809	10	11	Aberdeen Journal	1809.10.11_TheAberdeenJournal_0001	1809	05	31	Aberdeen Journal	1809.05.31_TheAberdeenJournal_0002
215	376	364	1809	10	12	Trewman’s Exeter Flying Post	1809.10.12_Trewman'sExeterFlyingPostorPlymouthandCornishAdvertiser_0002	1809	05	25	Trewman’s Exeter Flying Post	1809.05.25_Trewman'sExeterFlyingPostorPlymouthandCornishAdvertiser_0002
375	518	521	1809	10	14	Caledonian Mercury	1809.10.14_CaledonianMercury_0004	1809	05	04	Caledonian Mercury	1809.05.04_CaledonianMercury_0004
239	355	349	1809	10	14	Caledonian Mercury	1809.10.14_CaledonianMercury_0004	1809	05	29	Caledonian Mercury	1809.05.29_CaledonianMercury_0004
268	345	346	1809	10	14	Jackson’s Oxford Journal	1809.10.14_Jackson'sOxfordJournal_0004	1809	05	06	Jackson’s Oxford Journal	1809.05.06_Jackson'sOxfordJournal_0004
255	397	398	1809	10	19	Caledonian Mercury	1809.10.19_CaledonianMercury_0004	1809	05	01	Caledonian Mercury	1809.05.01_CaledonianMercury_0004
439	655	644	1809	10	19	Caledonian Mercury	1809.10.19_CaledonianMercury_0004	1809	05	29	Caledonian Mercury	1809.05.29_CaledonianMercury_0004
446	669	647	1809	10	19	Derby Mercury	1809.10.19_TheDerbyMercury_0004	1809	05	04	Derby Mercury	1809.05.04_TheDerbyMercury_0004
369	550	543	1809	10	19	Trewman’s Exeter Flying Post	1809.10.19_Trewman'sExeterFlyingPostorPlymouthandCornishAdvertiser_0002	1809	05	11	Trewman’s Exeter Flying Post	1809.05.11_Trewman'sExeterFlyingPostorPlymouthandCornishAdvertiser_0003
257	392	387	1809	10	19	Trewman’s Exeter Flying Post	1809.10.19_Trewman'sExeterFlyingPostorPlymouthandCornishAdvertiser_0003	1809	05	04	Trewman’s Exeter Flying Post	1809.05.04_Trewman'sExeterFlyingPostorPlymouthandCornishAdvertiser_0002
318	481	479	1809	10	19	Trewman’s Exeter Flying Post	1809.10.19_Trewman'sExeterFlyingPostorPlymouthandCornishAdvertiser_0003	1809	05	11	Trewman’s Exeter Flying Post	1809.05.11_Trewman'sExeterFlyingPostorPlymouthandCornishAdvertiser_0003
272	404	404	1809	10	19	Trewman’s Exeter Flying Post	1809.10.19_Trewman'sExeterFlyingPostorPlymouthandCornishAdvertiser_0003	1809	05	18	Trewman’s Exeter Flying Post	1809.05.18_Trewman'sExeterFlyingPostorPlymouthandCornishAdvertiser_0003
364	554	556	1809	10	19	Trewman’s Exeter Flying Post	1809.10.19_Trewman'sExeterFlyingPostorPlymouthandCornishAdvertiser_0003	1809	05	25	Trewman’s Exeter Flying Post	1809.05.25_Trewman'sExeterFlyingPostorPlymouthandCornishAdvertiser_0002
309	427	443	1809	10	21	Caledonian Mercury	1809.10.21_CaledonianMercury_0004	1809	05	04	Caledonian Mercury	1809.05.04_CaledonianMercury_0004
240	318	318	1809	10	21	Jackson’s Oxford Journal	1809.10.21_Jackson'sOxfordJournal_0001	1809	05	06	Jackson’s Oxford Journal	1809.05.06_Jackson'sOxfordJournal_0001
234	310	323	1809	10	21	Jackson’s Oxford Journal	1809.10.21_Jackson'sOxfordJournal_0004	1809	05	20	Jackson’s Oxford Journal	1809.05.20_Jackson'sOxfordJournal_0004
561	726	751	1809	10	21	Jackson’s Oxford Journal	1809.10.21_Jackson'sOxfordJournal_0004	1809	05	27	Jackson’s Oxford Journal	1809.05.27_Jackson'sOxfordJournal_0004
229	356	351	1809	10	26	Trewman’s Exeter Flying Post	1809.10.26_Trewman'sExeterFlyingPostorPlymouthandCornishAdvertiser_0002	1809	05	11	Trewman’s Exeter Flying Post	1809.05.11_Trewman'sExeterFlyingPostorPlymouthandCornishAdvertiser_0003
207	313	308	1809	10	26	Trewman’s Exeter Flying Post	1809.10.26_Trewman'sExeterFlyingPostorPlymouthandCornishAdvertiser_0002	1809	05	27	Caledonian Mercury	1809.05.27_CaledonianMercury_0001
564	911	902	1809	10	26	Trewman’s Exeter Flying Post	1809.10.26_Trewman'sExeterFlyingPostorPlymouthandCornishAdvertiser_0003	1809	05	11	Trewman’s Exeter Flying Post	1809.05.11_Trewman'sExeterFlyingPostorPlymouthandCornishAdvertiser_0003
426	687	685	1809	10	26	Trewman’s Exeter Flying Post	1809.10.26_Trewman'sExeterFlyingPostorPlymouthandCornishAdvertiser_0003	1809	05	18	Trewman’s Exeter Flying Post	1809.05.18_Trewman'sExeterFlyingPostorPlymouthandCornishAdvertiser_0003
262	432	426	1809	10	26	Trewman’s Exeter Flying Post	1809.10.26_Trewman'sExeterFlyingPostorPlymouthandCornishAdvertiser_0003	1809	05	25	Trewman’s Exeter Flying Post	1809.05.25_Trewman'sExeterFlyingPostorPlymouthandCornishAdvertiser_0002
295	455	451	1809	10	26	Trewman’s Exeter Flying Post	1809.10.26_Trewman'sExeterFlyingPostorPlymouthandCornishAdvertiser_0003	1809	05	25	Trewman’s Exeter Flying Post	1809.05.25_Trewman'sExeterFlyingPostorPlymouthandCornishAdvertiser_0003
208	312	323	1809	10	28	Jackson’s Oxford Journal	1809.10.28_Jackson'sOxfordJournal_0001	1809	05	20	Jackson’s Oxford Journal	1809.05.20_Jackson'sOxfordJournal_0001
228	329	332	1809	10	28	Jackson’s Oxford Journal	1809.10.28_Jackson'sOxfordJournal_0001	1809	05	27	Jackson’s Oxford Journal	1809.05.27_Jackson'sOxfordJournal_0001
255	319	316	1809	10	28	Jackson’s Oxford Journal	1809.10.28_Jackson'sOxfordJournal_0004	1809	05	06	Jackson’s Oxford Journal	1809.05.06_Jackson'sOxfordJournal_0004
326	394	434	1809	10	28	Jackson’s Oxford Journal	1809.10.28_Jackson'sOxfordJournal_0004	1809	05	20	Jackson’s Oxford Journal	1809.05.20_Jackson'sOxfordJournal_0004
286	430	445	1809	10	30	Caledonian Mercury	1809.10.30_CaledonianMercury_0001	1809	05	29	Caledonian Mercury	1809.05.29_CaledonianMercury_0001
214	305	302	1809	11	01	Aberdeen Journal	1809.11.01_TheAberdeenJournal_0001	1809	05	10	Aberdeen Journal	1809.05.10_TheAberdeenJournal_0001
300	452	452	1809	11	01	Aberdeen Journal	1809.11.01_TheAberdeenJournal_0001	1809	05	31	Aberdeen Journal	1809.05.31_TheAberdeenJournal_0001
281	450	454	1809	11	02	Derby Mercury	1809.11.02_TheDerbyMercury_0004	1809	05	04	Derby Mercury	1809.05.04_TheDerbyMercury_0004
271	505	491	1809	11	02	Derby Mercury	1809.11.02_TheDerbyMercury_0004	1809	05	11	Derby Mercury	1809.05.11_TheDerbyMercury_0004
438	739	730	1809	11	02	Derby Mercury	1809.11.02_TheDerbyMercury_0004	1809	05	18	Derby Mercury	1809.05.18_TheDerbyMercury_0004
224	390	377	1809	11	02	Derby Mercury	1809.11.02_TheDerbyMercury_0004	1809	05	25	Derby Mercury	1809.05.25_TheDerbyMercury_0004
343	504	503	1809	11	04	Jackson’s Oxford Journal	1809.11.04_Jackson'sOxfordJournal_0001	1809	05	06	Jackson’s Oxford Journal	1809.05.06_Jackson'sOxfordJournal_0001
203	312	310	1809	11	04	Jackson’s Oxford Journal	1809.11.04_Jackson'sOxfordJournal_0002	1809	05	06	Jackson’s Oxford Journal	1809.05.06_Jackson'sOxfordJournal_0002
239	388	383	1809	11	09	Derby Mercury	1809.11.09_TheDerbyMercury_0004	1809	05	04	Derby Mercury	1809.05.04_TheDerbyMercury_0004
410	674	673	1809	11	09	Derby Mercury	1809.11.09_TheDerbyMercury_0004	1809	05	11	Derby Mercury	1809.05.11_TheDerbyMercury_0004
219	392	372	1809	11	09	Derby Mercury	1809.11.09_TheDerbyMercury_0004	1809	05	18	Derby Mercury	1809.05.18_TheDerbyMercury_0004
303	521	508	1809	11	09	Derby Mercury	1809.11.09_TheDerbyMercury_0004	1809	05	25	Derby Mercury	1809.05.25_TheDerbyMercury_0004
210	352	350	1809	11	09	Trewman’s Exeter Flying Post	1809.11.09_Trewman'sExeterFlyingPostorPlymouthandCornishAdvertiser_0002	1809	05	25	Trewman’s Exeter Flying Post	1809.05.25_Trewman'sExeterFlyingPostorPlymouthandCornishAdvertiser_0002
212	339	341	1809	11	09	Trewman’s Exeter Flying Post	1809.11.09_Trewman'sExeterFlyingPostorPlymouthandCornishAdvertiser_0003	1809	05	04	Trewman’s Exeter Flying Post	1809.05.04_Trewman'sExeterFlyingPostorPlymouthandCornishAdvertiser_0003
312	466	454	1809	11	11	Caledonian Mercury	1809.11.11_CaledonianMercury_0004	1809	05	29	Caledonian Mercury	1809.05.29_CaledonianMercury_0004
229	347	347	1809	11	11	Jackson’s Oxford Journal	1809.11.11_Jackson'sOxfordJournal_0003	1809	05	06	Jackson’s Oxford Journal	1809.05.06_Jackson'sOxfordJournal_0003
204	301	298	1809	11	11	Jackson’s Oxford Journal	1809.11.11_Jackson'sOxfordJournal_0003	1809	05	20	Jackson’s Oxford Journal	1809.05.20_Jackson'sOxfordJournal_0003
215	299	293	1809	11	15	Aberdeen Journal	1809.11.15_TheAberdeenJournal_0001	1809	05	03	Aberdeen Journal	1809.05.03_TheAberdeenJournal_0002
213	315	301	1809	11	16	Derby Mercury	1809.11.16_TheDerbyMercury_0002	1809	05	11	Derby Mercury	1809.05.11_TheDerbyMercury_0004
433	666	676	1809	11	16	Derby Mercury	1809.11.16_TheDerbyMercury_0004	1809	05	04	Derby Mercury	1809.05.04_TheDerbyMercury_0004
335	541	523	1809	11	16	Derby Mercury	1809.11.16_TheDerbyMercury_0004	1809	05	11	Derby Mercury	1809.05.11_TheDerbyMercury_0004
385	617	602	1809	11	16	Derby Mercury	1809.11.16_TheDerbyMercury_0004	1809	05	18	Derby Mercury	1809.05.18_TheDerbyMercury_0004
392	633	626	1809	11	16	Derby Mercury	1809.11.16_TheDerbyMercury_0004	1809	05	25	Derby Mercury	1809.05.25_TheDerbyMercury_0004
225	346	338	1809	11	16	Trewman’s Exeter Flying Post	1809.11.16_Trewman'sExeterFlyingPostorPlymouthandCornishAdvertiser_0002	1809	05	11	Trewman’s Exeter Flying Post	1809.05.11_Trewman'sExeterFlyingPostorPlymouthandCornishAdvertiser_0003
212	334	325	1809	11	16	Trewman’s Exeter Flying Post	1809.11.16_Trewman'sExeterFlyingPostorPlymouthandCornishAdvertiser_0002	1809	05	18	Trewman’s Exeter Flying Post	1809.05.18_Trewman'sExeterFlyingPostorPlymouthandCornishAdvertiser_0003
279	438	436	1809	11	16	Trewman’s Exeter Flying Post	1809.11.16_Trewman'sExeterFlyingPostorPlymouthandCornishAdvertiser_0002	1809	05	25	Trewman’s Exeter Flying Post	1809.05.25_Trewman'sExeterFlyingPostorPlymouthandCornishAdvertiser_0002
238	308	335	1809	11	18	Jackson’s Oxford Journal	1809.11.18_Jackson'sOxfordJournal_0004	1809	05	20	Jackson’s Oxford Journal	1809.05.20_Jackson'sOxfordJournal_0004
212	322	320	1809	11	20	Caledonian Mercury	1809.11.20_CaledonianMercury_0001	1809	05	29	Caledonian Mercury	1809.05.29_CaledonianMercury_0001
204	298	291	1809	11	22	Aberdeen Journal	1809.11.22_TheAberdeenJournal_0001	1809	05	03	Aberdeen Journal	1809.05.03_TheAberdeenJournal_0002
231	310	317	1809	11	22	Aberdeen Journal	1809.11.22_TheAberdeenJournal_0001	1809	05	10	Aberdeen Journal	1809.05.10_TheAberdeenJournal_0002
220	399	393	1809	11	23	Derby Mercury	1809.11.23_TheDerbyMercury_0004	1809	05	04	Derby Mercury	1809.05.04_TheDerbyMercury_0004
332	545	547	1809	11	23	Trewman’s Exeter Flying Post	1809.11.23_Trewman'sExeterFlyingPostorPlymouthandCornishAdvertiser_0002	1809	05	11	Trewman’s Exeter Flying Post	1809.05.11_Trewman'sExeterFlyingPostorPlymouthandCornishAdvertiser_0003
310	498	497	1809	11	23	Trewman’s Exeter Flying Post	1809.11.23_Trewman'sExeterFlyingPostorPlymouthandCornishAdvertiser_0002	1809	05	25	Trewman’s Exeter Flying Post	1809.05.25_Trewman'sExeterFlyingPostorPlymouthandCornishAdvertiser_0002
470	771	767	1809	11	23	Trewman’s Exeter Flying Post	1809.11.23_Trewman'sExeterFlyingPostorPlymouthandCornishAdvertiser_0003	1809	05	11	Trewman’s Exeter Flying Post	1809.05.11_Trewman'sExeterFlyingPostorPlymouthandCornishAdvertiser_0003
262	398	394	1809	11	23	Trewman’s Exeter Flying Post	1809.11.23_Trewman'sExeterFlyingPostorPlymouthandCornishAdvertiser_0003	1809	05	18	Trewman’s Exeter Flying Post	1809.05.18_Trewman'sExeterFlyingPostorPlymouthandCornishAdvertiser_0003
217	315	315	1809	11	25	Jackson’s Oxford Journal	1809.11.25_Jackson'sOxfordJournal_0001	1809	05	20	Jackson’s Oxford Journal	1809.05.20_Jackson'sOxfordJournal_0001
276	432	421	1809	11	25	Jackson’s Oxford Journal	1809.11.25_Jackson'sOxfordJournal_0003	1809	05	06	Jackson’s Oxford Journal	1809.05.06_Jackson'sOxfordJournal_0003
477	616	651	1809	11	25	Jackson’s Oxford Journal	1809.11.25_Jackson'sOxfordJournal_0004	1809	05	27	Jackson’s Oxford Journal	1809.05.27_Jackson'sOxfordJournal_0004
260	355	363	1809	11	29	Aberdeen Journal	1809.11.29_TheAberdeenJournal_0001	1809	05	31	Aberdeen Journal	1809.05.31_TheAberdeenJournal_0001
504	775	791	1809	11	30	Derby Mercury	1809.11.30_TheDerbyMercury_0004	1809	05	04	Derby Mercury	1809.05.04_TheDerbyMercury_0004
356	588	580	1809	11	30	Derby Mercury	1809.11.30_TheDerbyMercury_0004	1809	05	11	Derby Mercury	1809.05.11_TheDerbyMercury_0004
429	672	667	1809	11	30	Derby Mercury	1809.11.30_TheDerbyMercury_0004	1809	05	18	Derby Mercury	1809.05.18_TheDerbyMercury_0004
372	585	584	1809	11	30	Derby Mercury	1809.11.30_TheDerbyMercury_0004	1809	05	25	Derby Mercury	1809.05.25_TheDerbyMercury_0004
216	360	358	1809	11	30	Trewman’s Exeter Flying Post	1809.11.30_Trewman'sExeterFlyingPostorPlymouthandCornishAdvertiser_0002	1809	05	11	Trewman’s Exeter Flying Post	1809.05.11_Trewman'sExeterFlyingPostorPlymouthandCornishAdvertiser_0003
204	333	326	1809	11	30	Trewman’s Exeter Flying Post	1809.11.30_Trewman'sExeterFlyingPostorPlymouthandCornishAdvertiser_0002	1809	05	25	Trewman’s Exeter Flying Post	1809.05.25_Trewman'sExeterFlyingPostorPlymouthandCornishAdvertiser_0002
428	559	558	1809	12	02	Jackson’s Oxford Journal	1809.12.02_Jackson'sOxfordJournal_0001	1809	05	06	Jackson’s Oxford Journal	1809.05.06_Jackson'sOxfordJournal_0001
281	398	393	1809	12	02	Jackson’s Oxford Journal	1809.12.02_Jackson'sOxfordJournal_0001	1809	05	11	Trewman’s Exeter Flying Post	1809.05.11_Trewman'sExeterFlyingPostorPlymouthandCornishAdvertiser_0003
293	411	440	1809	12	02	Jackson’s Oxford Journal	1809.12.02_Jackson'sOxfordJournal_0001	1809	05	13	Jackson’s Oxford Journal	1809.05.13_Jackson'sOxfordJournal_0002
214	283	282	1809	12	02	Jackson’s Oxford Journal	1809.12.02_Jackson'sOxfordJournal_0001	1809	05	27	Caledonian Mercury	1809.05.27_CaledonianMercury_0001
247	377	368	1809	12	02	Jackson’s Oxford Journal	1809.12.02_Jackson'sOxfordJournal_0003	1809	05	06	Jackson’s Oxford Journal	1809.05.06_Jackson'sOxfordJournal_0003
251	328	328	1809	12	02	Jackson’s Oxford Journal	1809.12.02_Jackson'sOxfordJournal_0004	1809	05	06	Jackson’s Oxford Journal	1809.05.06_Jackson'sOxfordJournal_0004
422	533	523	1809	12	02	Jackson’s Oxford Journal	1809.12.02_Jackson'sOxfordJournal_0004	1809	05	13	Jackson’s Oxford Journal	1809.05.13_Jackson'sOxfordJournal_0004
300	364	394	1809	12	02	Jackson’s Oxford Journal	1809.12.02_Jackson'sOxfordJournal_0004	1809	05	20	Jackson’s Oxford Journal	1809.05.20_Jackson'sOxfordJournal_0004
202	317	317	1809	12	05	Hull Packet	1809.12.05_TheHullPacketandOriginalWeeklyCommercialLiteraryandGeneralAdvertiser_0001	1809	05	18	Trewman’s Exeter Flying Post	1809.05.18_Trewman'sExeterFlyingPostorPlymouthandCornishAdvertiser_0003
320	441	423	1809	12	06	Aberdeen Journal	1809.12.06_TheAberdeenJournal_0001	1809	05	10	Aberdeen Journal	1809.05.10_TheAberdeenJournal_0002
455	572	571	1809	12	06	Aberdeen Journal	1809.12.06_TheAberdeenJournal_0001	1809	05	24	Aberdeen Journal	1809.05.24_TheAberdeenJournal_0002
284	454	463	1809	12	07	Derby Mercury	1809.12.07_TheDerbyMercury_0004	1809	05	04	Derby Mercury	1809.05.04_TheDerbyMercury_0004
234	402	399	1809	12	07	Derby Mercury	1809.12.07_TheDerbyMercury_0004	1809	05	11	Derby Mercury	1809.05.11_TheDerbyMercury_0004
278	464	454	1809	12	07	Derby Mercury	1809.12.07_TheDerbyMercury_0004	1809	05	18	Derby Mercury	1809.05.18_TheDerbyMercury_0004
244	423	421	1809	12	07	Derby Mercury	1809.12.07_TheDerbyMercury_0004	1809	05	25	Derby Mercury	1809.05.25_TheDerbyMercury_0004
455	710	705	1809	12	07	Trewman’s Exeter Flying Post	1809.12.07_Trewman'sExeterFlyingPostorPlymouthandCornishAdvertiser_0002	1809	05	11	Trewman’s Exeter Flying Post	1809.05.11_Trewman'sExeterFlyingPostorPlymouthandCornishAdvertiser_0003
238	384	383	1809	12	07	Trewman’s Exeter Flying Post	1809.12.07_Trewman'sExeterFlyingPostorPlymouthandCornishAdvertiser_0002	1809	05	18	Trewman’s Exeter Flying Post	1809.05.18_Trewman'sExeterFlyingPostorPlymouthandCornishAdvertiser_0003
461	703	700	1809	12	07	Trewman’s Exeter Flying Post	1809.12.07_Trewman'sExeterFlyingPostorPlymouthandCornishAdvertiser_0002	1809	05	25	Trewman’s Exeter Flying Post	1809.05.25_Trewman'sExeterFlyingPostorPlymouthandCornishAdvertiser_0002
359	549	550	1809	12	07	Trewman’s Exeter Flying Post	1809.12.07_Trewman'sExeterFlyingPostorPlymouthandCornishAdvertiser_0003	1809	05	04	Trewman’s Exeter Flying Post	1809.05.04_Trewman'sExeterFlyingPostorPlymouthandCornishAdvertiser_0003
351	530	524	1809	12	07	Trewman’s Exeter Flying Post	1809.12.07_Trewman'sExeterFlyingPostorPlymouthandCornishAdvertiser_0003	1809	05	11	Trewman’s Exeter Flying Post	1809.05.11_Trewman'sExeterFlyingPostorPlymouthandCornishAdvertiser_0003
269	417	411	1809	12	07	Trewman’s Exeter Flying Post	1809.12.07_Trewman'sExeterFlyingPostorPlymouthandCornishAdvertiser_0003	1809	05	25	Trewman’s Exeter Flying Post	1809.05.25_Trewman'sExeterFlyingPostorPlymouthandCornishAdvertiser_0003
226	317	332	1809	12	09	Jackson’s Oxford Journal	1809.12.09_Jackson'sOxfordJournal_0001	1809	05	20	Jackson’s Oxford Journal	1809.05.20_Jackson'sOxfordJournal_0001
222	353	344	1809	12	09	Jackson’s Oxford Journal	1809.12.09_Jackson'sOxfordJournal_0003	1809	05	06	Jackson’s Oxford Journal	1809.05.06_Jackson'sOxfordJournal_0003
237	344	359	1809	12	13	Aberdeen Journal	1809.12.13_TheAberdeenJournal_0001	1809	05	17	Aberdeen Journal	1809.05.17_TheAberdeenJournal_0004
267	364	367	1809	12	13	Aberdeen Journal	1809.12.13_TheAberdeenJournal_0001	1809	05	31	Aberdeen Journal	1809.05.31_TheAberdeenJournal_0001
289	451	463	1809	12	14	Derby Mercury	1809.12.14_TheDerbyMercury_0004	1809	05	04	Derby Mercury	1809.05.04_TheDerbyMercury_0004
339	573	564	1809	12	14	Derby Mercury	1809.12.14_TheDerbyMercury_0004	1809	05	11	Derby Mercury	1809.05.11_TheDerbyMercury_0004
297	502	496	1809	12	14	Derby Mercury	1809.12.14_TheDerbyMercury_0004	1809	05	18	Derby Mercury	1809.05.18_TheDerbyMercury_0004
317	546	542	1809	12	14	Derby Mercury	1809.12.14_TheDerbyMercury_0004	1809	05	25	Derby Mercury	1809.05.25_TheDerbyMercury_0004
209	334	335	1809	12	14	Trewman’s Exeter Flying Post	1809.12.14_Trewman'sExeterFlyingPostorPlymouthandCornishAdvertiser_0002	1809	05	11	Trewman’s Exeter Flying Post	1809.05.11_Trewman'sExeterFlyingPostorPlymouthandCornishAdvertiser_0003
216	335	338	1809	12	14	Trewman’s Exeter Flying Post	1809.12.14_Trewman'sExeterFlyingPostorPlymouthandCornishAdvertiser_0002	1809	05	25	Trewman’s Exeter Flying Post	1809.05.25_Trewman'sExeterFlyingPostorPlymouthandCornishAdvertiser_0002
288	523	510	1809	12	14	Trewman’s Exeter Flying Post	1809.12.14_Trewman'sExeterFlyingPostorPlymouthandCornishAdvertiser_0003	1809	05	04	Trewman’s Exeter Flying Post	1809.05.04_Trewman'sExeterFlyingPostorPlymouthandCornishAdvertiser_0003
276	463	447	1809	12	14	Trewman’s Exeter Flying Post	1809.12.14_Trewman'sExeterFlyingPostorPlymouthandCornishAdvertiser_0003	1809	05	11	Trewman’s Exeter Flying Post	1809.05.11_Trewman'sExeterFlyingPostorPlymouthandCornishAdvertiser_0003
223	327	341	1809	12	16	Jackson’s Oxford Journal	1809.12.16_Jackson'sOxfordJournal_0001	1809	05	11	Trewman’s Exeter Flying Post	1809.05.11_Trewman'sExeterFlyingPostorPlymouthandCornishAdvertiser_0001
209	300	301	1809	12	16	Jackson’s Oxford Journal	1809.12.16_Jackson'sOxfordJournal_0001	1809	05	20	Jackson’s Oxford Journal	1809.05.20_Jackson'sOxfordJournal_0001
213	334	333	1809	12	18	Caledonian Mercury	1809.12.18_CaledonianMercury_0001	1809	05	29	Caledonian Mercury	1809.05.29_CaledonianMercury_0001
514	814	815	1809	12	21	Derby Mercury	1809.12.21_TheDerbyMercury_0004	1809	05	04	Derby Mercury	1809.05.04_TheDerbyMercury_0004
362	590	587	1809	12	21	Derby Mercury	1809.12.21_TheDerbyMercury_0004	1809	05	11	Derby Mercury	1809.05.11_TheDerbyMercury_0004
419	690	673	1809	12	21	Derby Mercury	1809.12.21_TheDerbyMercury_0004	1809	05	18	Derby Mercury	1809.05.18_TheDerbyMercury_0004
312	515	519	1809	12	21	Derby Mercury	1809.12.21_TheDerbyMercury_0004	1809	05	25	Derby Mercury	1809.05.25_TheDerbyMercury_0004
632	971	954	1809	12	21	Trewman’s Exeter Flying Post	1809.12.21_Trewman'sExeterFlyingPostorPlymouthandCornishAdvertiser_0003	1809	05	11	Trewman’s Exeter Flying Post	1809.05.11_Trewman'sExeterFlyingPostorPlymouthandCornishAdvertiser_0003
237	379	381	1809	12	21	Trewman’s Exeter Flying Post	1809.12.21_Trewman'sExeterFlyingPostorPlymouthandCornishAdvertiser_0003	1809	05	18	Trewman’s Exeter Flying Post	1809.05.18_Trewman'sExeterFlyingPostorPlymouthandCornishAdvertiser_0003
433	629	631	1809	12	21	Trewman’s Exeter Flying Post	1809.12.21_Trewman'sExeterFlyingPostorPlymouthandCornishAdvertiser_0003	1809	05	25	Trewman’s Exeter Flying Post	1809.05.25_Trewman'sExeterFlyingPostorPlymouthandCornishAdvertiser_0002
232	327	357	1809	12	23	Jackson’s Oxford Journal	1809.12.23_Jackson'sOxfordJournal_0001	1809	05	11	Trewman’s Exeter Flying Post	1809.05.11_Trewman'sExeterFlyingPostorPlymouthandCornishAdvertiser_0001
377	572	573	1809	12	28	Derby Mercury	1809.12.28_TheDerbyMercury_0004	1809	05	04	Derby Mercury	1809.05.04_TheDerbyMercury_0004
382	599	599	1809	12	28	Derby Mercury	1809.12.28_TheDerbyMercury_0004	1809	05	11	Derby Mercury	1809.05.11_TheDerbyMercury_0004
500	784	752	1809	12	28	Derby Mercury	1809.12.28_TheDerbyMercury_0004	1809	05	18	Derby Mercury	1809.05.18_TheDerbyMercury_0004
234	369	378	1809	12	28	Derby Mercury	1809.12.28_TheDerbyMercury_0004	1809	05	25	Derby Mercury	1809.05.25_TheDerbyMercury_0004
200	334	323	1809	12	28	Trewman’s Exeter Flying Post	1809.12.28_Trewman'sExeterFlyingPostorPlymouthandCornishAdvertiser_0002	1809	05	18	Trewman’s Exeter Flying Post	1809.05.18_Trewman'sExeterFlyingPostorPlymouthandCornishAdvertiser_0003
226	368	354	1809	12	28	Trewman’s Exeter Flying Post	1809.12.28_Trewman'sExeterFlyingPostorPlymouthandCornishAdvertiser_0003	1809	05	04	Trewman’s Exeter Flying Post	1809.05.04_Trewman'sExeterFlyingPostorPlymouthandCornishAdvertiser_0002
256	382	375	1809	12	28	Trewman’s Exeter Flying Post	1809.12.28_Trewman'sExeterFlyingPostorPlymouthandCornishAdvertiser_0003	1809	05	11	Trewman’s Exeter Flying Post	1809.05.11_Trewman'sExeterFlyingPostorPlymouthandCornishAdvertiser_0003
259	410	401	1809	12	28	Trewman’s Exeter Flying Post	1809.12.28_Trewman'sExeterFlyingPostorPlymouthandCornishAdvertiser_0003	1809	05	18	Trewman’s Exeter Flying Post	1809.05.18_Trewman'sExeterFlyingPostorPlymouthandCornishAdvertiser_0003
274	438	427	1809	12	28	Trewman’s Exeter Flying Post	1809.12.28_Trewman'sExeterFlyingPostorPlymouthandCornishAdvertiser_0003	1809	05	25	Trewman’s Exeter Flying Post	1809.05.25_Trewman'sExeterFlyingPostorPlymouthandCornishAdvertiser_0002
